           8
 F F F F T          72           2   203.00000000000000       0.99999999996329025     
   1.1831009034337721        2.7896663341737389        0.0000000000000000        0.0000000000000000     
   1.2473146458116506        2.7977198035241972        0.0000000000000000        0.0000000000000000     
   1.1921244864250204        2.7891111764722107        0.0000000000000000        0.0000000000000000     
   1.2524821169746656        2.7741500580790261        0.0000000000000000        0.0000000000000000     
   1.1815154986814915        2.7703139123763942        0.0000000000000000        0.0000000000000000     
  0.88529332645208059     
   1.2497439853167798        2.8180196979843433        0.0000000000000000        0.0000000000000000     
   1.2539955285448308        2.7928223692683192        0.0000000000000000        0.0000000000000000     
   1.1813132297439988        2.7947517142292675        0.0000000000000000        0.0000000000000000     
  0.87766828792039242     
   1.2371729091541570        2.8172815688313371        0.0000000000000000        0.0000000000000000     
   1.1929874373439873        2.7612848043951179        0.0000000000000000        0.0000000000000000     
  0.87990316407195956     
  0.88527907481772095     
   1.1853897727982949        2.7946527159957997        0.0000000000000000        0.0000000000000000     
   1.2470033768917514        2.7989427658502737        0.0000000000000000        0.0000000000000000     
   1.2256901270082095        2.8393756937628205        0.0000000000000000        0.0000000000000000     
  0.88683044745649875     
   1.2387927864466393        2.8392443829076033        0.0000000000000000        0.0000000000000000     
   1.2473562407708201        2.8250790788820663        0.0000000000000000        0.0000000000000000     
   1.1857202412578560        2.7672639829655559        0.0000000000000000        0.0000000000000000     
  0.89202105297960910     
   1.2371147058568308        2.8256135912603169        0.0000000000000000        0.0000000000000000     
  0.90370647079379940     
  0.88342972484263349     
  0.87638205209610109     
   1.1865489768350028        2.7670956161213995        0.0000000000000000        0.0000000000000000     
   1.2402492006283645        2.8228316032189311        0.0000000000000000        0.0000000000000000     
  0.90112008535133503     
   1.2390888416958683        2.8402750717114591        0.0000000000000000        0.0000000000000000     
   1.2310584158028515        2.8249213536914564        0.0000000000000000        0.0000000000000000     
  0.89968520156478105     
   1.2337754101869669        2.8156153460651927        0.0000000000000000        0.0000000000000000     
  0.88616505231591136     
  0.89578995521052296     
  0.91110665266486679     
   1.1690117917254101        2.7884645501438419        0.0000000000000000        0.0000000000000000     
   1.2393784560803547        2.8727188387356417        0.0000000000000000        0.0000000000000000     
   1.1636219695493146        2.7789983112431953        0.0000000000000000        0.0000000000000000     
   1.2403004878006922        2.8683506357078610        0.0000000000000000        0.0000000000000000     
   1.1746052946847088        2.7773424214291893        0.0000000000000000        0.0000000000000000     
  0.90414862149560449     
   1.2449977234180567        2.9220778168412762        0.0000000000000000        0.0000000000000000     
   1.2387230351731522        2.9250165109942095        0.0000000000000000        0.0000000000000000     
   1.1713996727536355        2.7885264824324940        0.0000000000000000        0.0000000000000000     
  0.89561360176221227     
   1.2360379041489116        2.8495719000870672        0.0000000000000000        0.0000000000000000     
   1.1716772468521715        2.7635580316437798        0.0000000000000000        0.0000000000000000     
  0.92966795802122260     
  0.93109667833901599     
   1.1697215910390830        2.7789450852796129        0.0000000000000000        0.0000000000000000     
   1.2451023580239147        2.8663731792881340        0.0000000000000000        0.0000000000000000     
   1.2245881696293279        2.8573629960671183        0.0000000000000000        0.0000000000000000     
  0.89820454186803089     
   1.2383476487645080        2.8906950802791505        0.0000000000000000        0.0000000000000000     
   1.2480099731343208        2.9232800434864643        0.0000000000000000        0.0000000000000000     
   1.1746862595773062        2.7866040565069192        0.0000000000000000        0.0000000000000000     
  0.90174073535906862     
   1.2295108425109604        2.8411638143441715        0.0000000000000000        0.0000000000000000     
  0.90145177474455340     
  0.92981049715427666     
  0.93249894902927610     
   1.1709350914162060        2.7773439978048220        0.0000000000000000        0.0000000000000000     
   1.2402709398007321        2.8536161876193615        0.0000000000000000        0.0000000000000000     
  0.90223719026733673     
   1.2308298279696865        2.9035422296605100        0.0000000000000000        0.0000000000000000     
   1.2281201216854476        2.8692172440287855        0.0000000000000000        0.0000000000000000     
  0.90787158544318902     
   1.2268817307851037        2.8613683080538967        0.0000000000000000        0.0000000000000000     
  0.91466537296075301     
  0.90659367294814397     
  0.92355093449198100     
  -3.9331258456452023E-003  -1.4764781281574102E-002   0.0000000000000000        0.0000000000000000     
   5.5548203983049049E-003  0.11609374301139352        0.0000000000000000        0.0000000000000000     
  -4.6405297466070028E-003  -1.7989513293886539E-002   0.0000000000000000        0.0000000000000000     
   7.4915893969329517E-003  0.14959283363267994        0.0000000000000000        0.0000000000000000     
  -1.7770062149087273E-003   6.9314017008630380E-003   0.0000000000000000        0.0000000000000000     
  -6.9897887885904675E-003
   6.4962154038601394E-003  0.13316158737341111        0.0000000000000000        0.0000000000000000     
   8.1778780571581944E-003  0.16268432272459021        0.0000000000000000        0.0000000000000000     
  -3.9339349169382754E-003  -1.4502060861229626E-002   0.0000000000000000        0.0000000000000000     
  -8.9867907687449788E-003
   1.2675267473527541E-003   3.7637844847373536E-002   0.0000000000000000        0.0000000000000000     
  -2.4477002920797464E-003   2.3895511757059396E-003   0.0000000000000000        0.0000000000000000     
  -7.4211051628607638E-003
  -9.5829683843415836E-003
  -4.5962820825826700E-003  -1.8276498056348789E-002   0.0000000000000000        0.0000000000000000     
   5.4207301738227187E-003  0.11340778212669855        0.0000000000000000        0.0000000000000000     
   6.4207989380982156E-004   3.1079470830817080E-002   0.0000000000000000        0.0000000000000000     
  -2.2960464879373532E-003
   1.8466855756791301E-003   4.5733185963315659E-002   0.0000000000000000        0.0000000000000000     
   6.6266507681147502E-003  0.13606079280409888        0.0000000000000000        0.0000000000000000     
  -1.8437502011741103E-003   6.0676359515170475E-003   0.0000000000000000        0.0000000000000000     
  -6.7238258268650375E-003
  -4.2835764522131115E-005   2.1750847262990813E-002   0.0000000000000000        0.0000000000000000     
  -1.7016299659862177E-003
  -2.6082585983062678E-003
  -7.5304114483587536E-003
  -2.5380912630934560E-003   4.4225818022658459E-004   0.0000000000000000        0.0000000000000000     
   1.5528682988132925E-003   4.2668802274526740E-002   0.0000000000000000        0.0000000000000000     
  -1.2567280614678156E-003
   1.8340734339010734E-003   4.5574817510961818E-002   0.0000000000000000        0.0000000000000000     
   4.1041183357615196E-004   2.7811804627845493E-002   0.0000000000000000        0.0000000000000000     
  -2.4701681333888503E-003
   1.1598844515980922E-004   2.3563552073530225E-002   0.0000000000000000        0.0000000000000000     
  -2.6733941722807408E-003
  -1.4825053219820195E-003
  -1.3865710043857726E-003
  -3.0370965220738455E-005  -1.3424800889927369E-004   0.0000000000000000        0.0000000000000000     
   3.2367927757848136E-005   6.2954295375083902E-004   0.0000000000000000        0.0000000000000000     
  -1.2159661513244657E-006   4.5881036862649438E-005   0.0000000000000000        0.0000000000000000     
   5.7606873400173342E-005   1.1464543262227345E-003   0.0000000000000000        0.0000000000000000     
  -1.5232993009650642E-005  -6.8414629213364719E-005   0.0000000000000000        0.0000000000000000     
  -3.6863808754228344E-005
   6.3504809779679761E-006   1.6962975002376979E-004   0.0000000000000000        0.0000000000000000     
   9.6967221197008513E-006   2.0779030531192788E-004   0.0000000000000000        0.0000000000000000     
  -3.7774200586815354E-005  -1.4063319844614952E-004   0.0000000000000000        0.0000000000000000     
  -6.5220654568709513E-005
   9.2747079929456078E-006   1.7251231155501756E-004   0.0000000000000000        0.0000000000000000     
   3.2179133233611878E-006   1.0807085766773028E-004   0.0000000000000000        0.0000000000000000     
  -1.0836298168004355E-005
  -1.2343308352757987E-005
  -1.9199401040115305E-006  -3.4976841556400018E-006   0.0000000000000000        0.0000000000000000     
   5.7884688765330594E-005   1.1600755708061072E-003   0.0000000000000000        0.0000000000000000     
  -4.1509786565807616E-006  -4.5422102110670437E-006   0.0000000000000000        0.0000000000000000     
  -9.9855859726494245E-006
  -7.3214826046275050E-007   4.1978516217788808E-005   0.0000000000000000        0.0000000000000000     
   1.2955663954983265E-006   8.4912913228762932E-005   0.0000000000000000        0.0000000000000000     
  -2.8659029273292447E-005  -8.7858996033585157E-005   0.0000000000000000        0.0000000000000000     
  -6.7190038063102975E-005
   4.9068716638789311E-006   1.1456393304376533E-004   0.0000000000000000        0.0000000000000000     
   6.0303187976451511E-007
  -2.6903107849252095E-006
  -9.2341914459392882E-007
   7.6498686378823066E-006   1.4967205504756720E-004   0.0000000000000000        0.0000000000000000     
   2.6517319923202720E-005   5.1345423991477901E-004   0.0000000000000000        0.0000000000000000     
  -6.6987338523949447E-006
  -1.3533093403905738E-005  -7.9583932030224958E-005   0.0000000000000000        0.0000000000000000     
  -1.6196472736762502E-005  -5.2669941217331484E-005   0.0000000000000000        0.0000000000000000     
  -3.0110542975081422E-005
   2.7112934492867780E-005   4.9640864468347701E-004   0.0000000000000000        0.0000000000000000     
   1.0841136233064042E-005
   3.8519097310674155E-006
  -2.9478869039589739E-005
 0 0
