# MULLIKEN CHARGES of excited state S 1
#  Natoms =  36
# Atom        netCharge
#=========================================
    1      -0.49300491
    2      -0.22951780
    3      -0.16113979
    4      -0.15572667
    5      -0.08370206
    6      -0.09094355
    7       0.15607784
    8       0.11466250
    9      -0.16136419
   10      -0.20839277
   11      -0.12288946
   12      -0.07775095
   13       0.14211564
   14       0.16260972
   15       0.37457104
   16       0.37704640
   17      -0.05629298
   18      -0.06026089
   19      -0.18280269
   20      -0.16457496
   21      -0.11638013
   22      -0.09777322
   23      -0.05570852
   24      -0.03700178
   25       0.10112296
   26       0.07912544
   27       0.20978919
   28       0.22033254
   29       0.09115232
   30       0.07704315
   31       0.07694037
   32       0.07176042
   33       0.07826230
   34       0.07865759
   35       0.06737932
   36       0.07657860
# MULLIKEN CHARGES of excited state S 2
#  Natoms =  36
# Atom        netCharge
#=========================================
    1      -0.18418296
    2      -0.53894085
    3      -0.13112437
    4      -0.18540780
    5      -0.10758590
    6      -0.04846499
    7       0.12228413
    8       0.13472482
    9      -0.19407451
   10      -0.17683846
   11      -0.11715606
   12      -0.06572966
   13       0.16614230
   14       0.14002349
   15       0.41472264
   16       0.31783171
   17      -0.05188782
   18      -0.07067861
   19      -0.16782214
   20      -0.17729341
   21      -0.10309756
   22      -0.10532602
   23      -0.03559795
   24      -0.06432635
   25       0.07991439
   26       0.10230000
   27       0.22379787
   28       0.20532240
   29       0.08773712
   30       0.08215849
   31       0.09779313
   32       0.05238362
   33       0.09601985
   34       0.06131199
   35       0.08153762
   36       0.05952984
# MULLIKEN CHARGES of excited state S 3
#  Natoms =  36
# Atom        netCharge
#=========================================
    1      -0.46188360
    2      -0.51685909
    3      -0.08703322
    4      -0.12405574
    5      -0.10227925
    6      -0.05843641
    7       0.12590087
    8       0.11656733
    9      -0.14369091
   10      -0.15052285
   11      -0.08914703
   12      -0.05334670
   13       0.13274761
   14       0.13186463
   15       0.38170549
   16       0.32497179
   17      -0.05885111
   18      -0.06969895
   19      -0.15628041
   20      -0.14926309
   21      -0.07245411
   22      -0.07214454
   23      -0.06033463
   24      -0.06966808
   25       0.09839183
   26       0.09960343
   27       0.22029247
   28       0.21490483
   29       0.10152636
   30       0.09050558
   31       0.08869350
   32       0.06105397
   33       0.08893566
   34       0.07008622
   35       0.07794917
   36       0.07024896
# MULLIKEN CHARGES of excited state S 4
#  Natoms =  36
# Atom        netCharge
#=========================================
    1      -0.46728481
    2      -0.47004262
    3      -0.11733166
    4      -0.11172105
    5      -0.07048854
    6      -0.05697264
    7       0.14156705
    8       0.10123845
    9      -0.13084856
   10      -0.15206796
   11      -0.10405511
   12      -0.05969598
   13       0.14481415
   14       0.14860054
   15       0.36014404
   16       0.34748445
   17      -0.09930096
   18      -0.07388261
   19      -0.18874211
   20      -0.14746189
   21      -0.06306725
   22      -0.05256360
   23      -0.08692755
   24      -0.06666688
   25       0.10237313
   26       0.10079695
   27       0.21785957
   28       0.21943908
   29       0.09314426
   30       0.09325295
   31       0.07986173
   32       0.06683847
   33       0.07890924
   34       0.07563354
   35       0.07064946
   36       0.07651470
# MULLIKEN CHARGES of excited state S 5
#  Natoms =  36
# Atom        netCharge
#=========================================
    1      -0.49117436
    2      -0.20268539
    3      -0.17048016
    4      -0.14817393
    5      -0.03731411
    6      -0.07947066
    7       0.15526925
    8       0.09038058
    9      -0.11383664
   10      -0.15910163
   11      -0.15391983
   12      -0.10454154
   13       0.13676478
   14       0.17052350
   15       0.36070348
   16       0.41529811
   17      -0.10783383
   18      -0.06669765
   19      -0.21006626
   20      -0.17047992
   21      -0.08993833
   22      -0.08586792
   23      -0.10803567
   24      -0.03921812
   25       0.10976215
   26       0.08648443
   27       0.20896117
   28       0.22424169
   29       0.08004837
   30       0.07622125
   31       0.06507523
   32       0.07368254
   33       0.06587671
   34       0.08075852
   35       0.05945516
   36       0.07932907
# MULLIKEN CHARGES of excited state S 6
#  Natoms =  36
# Atom        netCharge
#=========================================
    1      -0.18158531
    2      -0.50513079
    3      -0.14213967
    4      -0.17996892
    5      -0.06142946
    6      -0.03651973
    7       0.12095800
    8       0.11040708
    9      -0.14622827
   10      -0.12697839
   11      -0.14741255
   12      -0.09413853
   13       0.16135500
   14       0.14862396
   15       0.40094663
   16       0.35675282
   17      -0.10337934
   18      -0.07792634
   19      -0.19514301
   20      -0.18510150
   21      -0.07698340
   22      -0.09448971
   23      -0.08731155
   24      -0.06679067
   25       0.08876305
   26       0.10929001
   27       0.22281258
   28       0.20916536
   29       0.07671764
   30       0.08040374
   31       0.08599752
   32       0.05404790
   33       0.08371689
   34       0.06310394
   35       0.07364996
   36       0.06194503
# MULLIKEN CHARGES of excited state S 7
#  Natoms =  36
# Atom        netCharge
#=========================================
    1      -0.47179616
    2      -0.25245876
    3      -0.13360727
    4      -0.12631848
    5      -0.07886716
    6      -0.09875111
    7       0.09806530
    8       0.05361993
    9      -0.10983129
   10      -0.15025972
   11      -0.15026484
   12      -0.11277260
   13       0.09666341
   14       0.13559601
   15       0.41562339
   16       0.43919049
   17      -0.04558945
   18      -0.02467198
   19      -0.18274383
   20      -0.14734548
   21      -0.14842623
   22      -0.12269662
   23      -0.04668405
   24      -0.03231851
   25       0.09794191
   26       0.07908496
   27       0.20708187
   28       0.21884931
   29       0.08274899
   30       0.07560530
   31       0.07128251
   32       0.07022543
   33       0.07486534
   34       0.07935653
   35       0.06308547
   36       0.07651736
# MULLIKEN CHARGES of excited state S 8
#  Natoms =  36
# Atom        netCharge
#=========================================
    1      -0.46147298
    2      -0.43748181
    3      -0.12437064
    4      -0.12680881
    5      -0.09455650
    6      -0.06941067
    7       0.13297409
    8       0.09353149
    9      -0.13618012
   10      -0.16406442
   11      -0.12314564
   12      -0.07641793
   13       0.13749301
   14       0.14786663
   15       0.39925244
   16       0.36978251
   17      -0.06769171
   18      -0.04283878
   19      -0.18640788
   20      -0.14069621
   21      -0.09816160
   22      -0.07608294
   23      -0.05788500
   24      -0.05666951
   25       0.09764845
   26       0.09379145
   27       0.21509865
   28       0.21751015
   29       0.09143361
   30       0.09062987
   31       0.08032110
   32       0.06817688
   33       0.08059928
   34       0.07745072
   35       0.06998312
   36       0.07679968
# MULLIKEN CHARGES of excited state S 9
#  Natoms =  36
# Atom        netCharge
#=========================================
    1      -0.40938803
    2      -0.46402496
    3      -0.09666860
    4      -0.10179523
    5      -0.08662691
    6      -0.06819448
    7       0.10166054
    8       0.06228966
    9      -0.10828672
   10      -0.12724567
   11      -0.13906083
   12      -0.08684678
   13       0.07194577
   14       0.11091967
   15       0.42160946
   16       0.39785133
   17      -0.03742870
   18      -0.02971928
   19      -0.16104564
   20      -0.13482534
   21      -0.14741800
   22      -0.10879526
   23      -0.04176229
   24      -0.04773622
   25       0.09478631
   26       0.09713718
   27       0.21402040
   28       0.21557265
   29       0.08396430
   30       0.08715864
   31       0.07729916
   32       0.06342113
   33       0.08114704
   34       0.07470268
   35       0.06836432
   36       0.07301867
# MULLIKEN CHARGES of excited state S10
#  Natoms =  36
# Atom        netCharge
#=========================================
    1      -0.21343860
    2      -0.49202119
    3      -0.10765384
    4      -0.14637608
    5      -0.09106247
    6      -0.06463109
    7       0.05988731
    8       0.05872101
    9      -0.13001917
   10      -0.12074455
   11      -0.14354158
   12      -0.10855865
   13       0.09830833
   14       0.11182028
   15       0.45182640
   16       0.40259596
   17      -0.03809935
   18      -0.02716753
   19      -0.16867505
   20      -0.15572043
   21      -0.15443249
   22      -0.13716878
   23      -0.02098742
   24      -0.05082810
   25       0.08005134
   26       0.09664971
   27       0.21731397
   28       0.20648796
   29       0.07783206
   30       0.07847509
   31       0.08666667
   32       0.05441975
   33       0.08866444
   34       0.06566245
   35       0.07315896
   36       0.06258469
