Run semi-empirical minimization
 &qmmm
    qm_theory='AM1', grms_tol=0.0005,
 scfconv=1.d-10, ndiis_attempts=700,   qmcharge=0,
 /
   6    C1        7.2950        7.2580        9.4220 
   6    C2        8.0320        6.2080        9.9910 
   6    C3        6.8960        8.3000       10.3120 
   6    C4        6.9170        7.3200        8.0150 
   6    C5        8.3340        6.2140       11.3670 
   1    H6        8.3610        5.3940        9.3710 
   6    C7        7.1570        8.2750       11.7090 
   6    C8        6.1590        9.3420        9.7480 
   6    C9        6.1870        8.3890        7.5150 
   6   C10        7.3460        6.2640        7.1450 
   6   C11        7.8750        7.2060       12.1730 
   1   H12        8.9420        5.4160       11.7930 
   1   H13        6.8060        9.0430       12.3790 
   6   C14        5.8490        9.4310        8.4180 
   1   H15        5.8010       10.1380       10.4020 
   6   C16        5.8340        8.4010        6.1300 
   6   C17        6.9880        6.2460        5.7860 
   1   H18        7.9560        5.4690        7.5380 
   1   H19        8.0850        7.1520       13.2210 
   1   H20        5.3390       10.3160        8.0520 
   6   C21        6.2330        7.3570        5.3070 
   6   C22        5.0920        9.4640        5.5900 
   1   H23        7.2780        5.4270        5.1310 
   6   C24        5.8290        7.3830        3.8850 
   6   C25        4.7310        9.5040        4.2730 
   1   H26        4.7910       10.2670        6.2380 
   6   C27        5.0720        8.4480        3.3790 
   6   C28        6.1780        6.3800        2.9990 
   1   H29        4.1610       10.3480        3.9100 
   6   C30        4.6550        8.5280        2.0380 
   6   C31        5.7620        6.4420        1.6540 
   1   H32        6.7930        5.5560        3.3310 
   6   C33        5.0160        7.5050        1.2080 
   1   H34        4.0740        9.3640        1.6770 
   1   H35        6.0210        5.6410        0.9810 
   1   H36        4.7170        7.5370        0.1760 

