           8
 F F F F T          72           2   203.00000000000000        1.0000000005402647     
   1.1880679014919930        2.7897761752917081        0.0000000000000000        0.0000000000000000     
   1.2405702875104234        2.8149102861148245        0.0000000000000000        0.0000000000000000     
   1.1983237227088193        2.7936517165397636        0.0000000000000000        0.0000000000000000     
   1.2578555057155798        2.7789793944109951        0.0000000000000000        0.0000000000000000     
   1.1909957618726179        2.7716166793494939        0.0000000000000000        0.0000000000000000     
  0.87143866147330651     
   1.2479373203851574        2.8138927673605361        0.0000000000000000        0.0000000000000000     
   1.2528883153854764        2.7998734321139622        0.0000000000000000        0.0000000000000000     
   1.1814190025503835        2.7991197260147214        0.0000000000000000        0.0000000000000000     
  0.86408832791436119     
   1.2473626918516154        2.8237949588309248        0.0000000000000000        0.0000000000000000     
   1.1825198786125739        2.7678000938224665        0.0000000000000000        0.0000000000000000     
  0.89497311075850450     
  0.88368913936990401     
   1.1817329875113600        2.7951942651071238        0.0000000000000000        0.0000000000000000     
   1.2382969908105821        2.8126563336456059        0.0000000000000000        0.0000000000000000     
   1.2299314008854894        2.8267087674352087        0.0000000000000000        0.0000000000000000     
  0.86744027691202308     
   1.2499153182712714        2.8301668414722192        0.0000000000000000        0.0000000000000000     
   1.2520101667558541        2.8098893386084836        0.0000000000000000        0.0000000000000000     
   1.1864171018360867        2.7700297218878118        0.0000000000000000        0.0000000000000000     
  0.88862353891409396     
   1.2250167943665264        2.8368073042669057        0.0000000000000000        0.0000000000000000     
  0.91088836035101395     
  0.88462418186226477     
  0.88708807908312748     
   1.1871437096089328        2.7668565756337067        0.0000000000000000        0.0000000000000000     
   1.2378772260766167        2.8259397812303817        0.0000000000000000        0.0000000000000000     
  0.88837413537424603     
   1.2387746649991369        2.8336492617861326        0.0000000000000000        0.0000000000000000     
   1.2422657036887870        2.8198552780407620        0.0000000000000000        0.0000000000000000     
  0.89510419493354476     
   1.2347913531786863        2.8230180213008249        0.0000000000000000        0.0000000000000000     
  0.88549046504105944     
  0.88806868780173276     
  0.89390505809443410     
   1.1821736715806450        2.7922310046591985        0.0000000000000000        0.0000000000000000     
   1.2457974676227033        2.8832934584865484        0.0000000000000000        0.0000000000000000     
   1.1840370489606089        2.7763287167479866        0.0000000000000000        0.0000000000000000     
   1.2281567948605725        2.8847313669028583        0.0000000000000000        0.0000000000000000     
   1.1699322116082720        2.7778504757434863        0.0000000000000000        0.0000000000000000     
  0.88607631355532779     
   1.2602356809976096        2.9094078913252592        0.0000000000000000        0.0000000000000000     
   1.2322824892445683        2.9227636460745412        0.0000000000000000        0.0000000000000000     
   1.1784495463092739        2.7917185773430808        0.0000000000000000        0.0000000000000000     
  0.89766260237325035     
   1.2393689253697127        2.8441653789180945        0.0000000000000000        0.0000000000000000     
   1.1814776003712950        2.7770254999693051        0.0000000000000000        0.0000000000000000     
  0.90000475731515939     
  0.88875946015361618     
   1.1842162836119825        2.7849137604461962        0.0000000000000000        0.0000000000000000     
   1.2338582894109547        2.8920751353913028        0.0000000000000000        0.0000000000000000     
   1.2330858320516267        2.8625617199694720        0.0000000000000000        0.0000000000000000     
  0.88318801805516900     
   1.2507985557895840        2.8951790840043712        0.0000000000000000        0.0000000000000000     
   1.2428402191924874        2.9228336325274604        0.0000000000000000        0.0000000000000000     
   1.1697311312962060        2.7954323811323887        0.0000000000000000        0.0000000000000000     
  0.89260889086970874     
   1.2325208325277317        2.8594960494041013        0.0000000000000000        0.0000000000000000     
  0.90901262785089432     
  0.92261003618606718     
  0.88458631020572698     
   1.1698838916429115        2.7907819261743030        0.0000000000000000        0.0000000000000000     
   1.2388678048725565        2.8736513162984227        0.0000000000000000        0.0000000000000000     
  0.91786560326731326     
   1.1976875816819490        2.8911822668235536        0.0000000000000000        0.0000000000000000     
   1.2477094699166598        2.8695563890190581        0.0000000000000000        0.0000000000000000     
  0.90573602979783996     
   1.2146207885194606        2.8860842255429318        0.0000000000000000        0.0000000000000000     
  0.89458556347977436     
  0.90219077461703168     
  0.91402024770767887     
  -4.1402286352563156E-003  -1.6094074662813984E-002   0.0000000000000000        0.0000000000000000     
   5.4027274191192909E-003  0.11289240027614511        0.0000000000000000        0.0000000000000000     
  -4.3441428294859197E-003  -1.7124519630695278E-002   0.0000000000000000        0.0000000000000000     
   8.3476118216605499E-003  0.16494400705163459        0.0000000000000000        0.0000000000000000     
  -1.7589287599018011E-003   6.1925987855602216E-003   0.0000000000000000        0.0000000000000000     
  -6.2389160610109018E-003
   6.0097422658023092E-003  0.12120471800115995        0.0000000000000000        0.0000000000000000     
   7.6986882276417479E-003  0.15246928769247470        0.0000000000000000        0.0000000000000000     
  -4.2423025566560302E-003  -1.6349879611422757E-002   0.0000000000000000        0.0000000000000000     
  -9.1581875115158695E-003
   1.5519196589959261E-003   4.3352795014903744E-002   0.0000000000000000        0.0000000000000000     
  -2.5636123075523098E-003  -1.6576402658086131E-003   0.0000000000000000        0.0000000000000000     
  -7.1706437395591127E-003
  -8.6652534207307674E-003
  -4.3879359079364022E-003  -1.8085075775030823E-002   0.0000000000000000        0.0000000000000000     
   5.4976572641534105E-003  0.11384086667009452        0.0000000000000000        0.0000000000000000     
   7.3354576966355722E-004   3.2795549617234965E-002   0.0000000000000000        0.0000000000000000     
  -2.3920522562594915E-003
   2.4378066672494647E-003   5.4791813881385210E-002   0.0000000000000000        0.0000000000000000     
   6.6624027631874139E-003  0.13487251763460639        0.0000000000000000        0.0000000000000000     
  -1.9746746017923478E-003   3.8470183252261592E-003   0.0000000000000000        0.0000000000000000     
  -6.4480353026032944E-003
  -4.6550351209972973E-004   1.5760608808031762E-002   0.0000000000000000        0.0000000000000000     
  -1.8777238149955133E-003
  -3.2321086915156894E-003
  -8.1222107969040058E-003
  -2.6689134836170858E-003  -2.3235973709625490E-003   0.0000000000000000        0.0000000000000000     
   1.7875045995783267E-003   4.6749990285747778E-002   0.0000000000000000        0.0000000000000000     
  -8.3851048227112646E-004
   2.1130665728403830E-003   5.0197513854028486E-002   0.0000000000000000        0.0000000000000000     
   4.7002532384099460E-004   3.0058673131637015E-002   0.0000000000000000        0.0000000000000000     
  -2.6516637372435703E-003
   6.9230860311630948E-005   2.3069916868598384E-002   0.0000000000000000        0.0000000000000000     
  -2.8631696598739875E-003
  -1.4834819418541034E-003
  -1.2216649766754184E-003
  -3.6461260593201317E-005  -1.5412527601865733E-004   0.0000000000000000        0.0000000000000000     
   5.5448827790849364E-005   1.0863676505179498E-003   0.0000000000000000        0.0000000000000000     
   6.4061739779575078E-007   4.5509011337152572E-006   0.0000000000000000        0.0000000000000000     
   5.2995761784968565E-005   1.0668035084302474E-003   0.0000000000000000        0.0000000000000000     
  -2.6732078997060427E-005  -1.0895624573326046E-004   0.0000000000000000        0.0000000000000000     
  -6.1879519388408077E-005
   1.9358223273258091E-006   6.0147230283025266E-005   0.0000000000000000        0.0000000000000000     
   1.8868098456970017E-006   7.3402537776434684E-005   0.0000000000000000        0.0000000000000000     
  -3.1404387131006573E-005  -9.6285507811710858E-005   0.0000000000000000        0.0000000000000000     
  -6.3148581523120306E-005
   2.5763906949416437E-005   4.9064556562239403E-004   0.0000000000000000        0.0000000000000000     
   6.2116445607163229E-006   1.1180783705677655E-004   0.0000000000000000        0.0000000000000000     
  -3.9727790909216409E-006
  -4.1861227239037291E-006
   5.3042549112980453E-006   1.1328390399567567E-004   0.0000000000000000        0.0000000000000000     
   4.1659293950946363E-005   8.5349612137042286E-004   0.0000000000000000        0.0000000000000000     
  -1.6136856555437618E-005  -5.8989619159621753E-005   0.0000000000000000        0.0000000000000000     
  -2.9314468095953394E-005
  -1.0263339103699920E-005  -4.5675945527623441E-005   0.0000000000000000        0.0000000000000000     
  -5.9283122044728742E-006   9.0387743036934864E-006   0.0000000000000000        0.0000000000000000     
  -1.8603001379569051E-005   1.2635215949519107E-005   0.0000000000000000        0.0000000000000000     
  -4.8407431765706832E-005
   2.4193997548715984E-005   4.8074312901613681E-004   0.0000000000000000        0.0000000000000000     
   4.3752606885272272E-006
   3.3861780845967360E-006
  -2.0391341337688829E-007
   1.5844502228024027E-005   3.6971992293022282E-004   0.0000000000000000        0.0000000000000000     
   8.3286561167739137E-006   2.0591571421268995E-004   0.0000000000000000        0.0000000000000000     
  -2.7972393993214162E-005
  -1.1542539603004442E-005  -4.2346392574721392E-005   0.0000000000000000        0.0000000000000000     
  -1.8990421641884581E-006   1.1671182378059086E-004   0.0000000000000000        0.0000000000000000     
  -1.2171801568650054E-005
   1.5788085185874934E-005   3.4294645683896618E-004   0.0000000000000000        0.0000000000000000     
   2.9293073976477402E-006
  -6.6139639621765056E-006
  -1.9240708109546922E-005
 0 0
