Run semi-empirical minimization
 &qmmm
    qm_theory='AM1', grms_tol=0.0005,
 scfconv=1.d-10, ndiis_attempts=700,   qmcharge=0,
 /
   8    O1        2.5890        2.5900       -0.0020 
   8    O2       -2.5890       -2.5890       -0.0020 
   7    N1        2.4050       -1.4550       -0.0010 
   7    N2       -2.4050        1.4550       -0.0020 
   6    C1        1.2210        0.6670       -0.0020 
   6    C2       -1.2200       -0.6670       -0.0020 
   6    C3        1.2010       -0.7380       -0.0020 
   6    C4       -1.2010        0.7380       -0.0020 
   6    C5        0.0300        1.4020       -0.0020 
   6    C6       -0.0300       -1.4020       -0.0020 
   6    C7        3.7750        0.5510        0.0000 
   6    C8       -3.7750       -0.5510        0.0000 
   6    C9        3.6680       -0.8490       -0.0000 
   6   C10       -3.6680        0.8490       -0.0000 
   6   C11        2.5330        1.3670       -0.0010 
   6   C12       -2.5320       -1.3670       -0.0010 
   6   C13        5.0270        1.1720        0.0020 
   6   C14       -5.0270       -1.1730        0.0020 
   6   C15        4.8360       -1.6190        0.0010 
   6   C16       -4.8360        1.6180        0.0010 
   6   C17        6.1830        0.3910        0.0030 
   6   C18       -6.1830       -0.3920        0.0040 
   6   C19        6.0880       -1.0000        0.0030 
   6   C20       -6.0880        1.0000        0.0030 
   1    H1        0.0510        2.4900       -0.0020 
   1    H2       -0.0510       -2.4890       -0.0020 
   1    H3        2.3600       -2.4660       -0.0030 
   1    H4       -2.3600        2.4660       -0.0010 
   1    H5        5.1230        2.2540        0.0020 
   1    H6       -5.1220       -2.2550        0.0020 
   1    H7        4.7800       -2.7040        0.0010 
   1    H8       -4.7810        2.7040        0.0010 
   1    H9        7.1590        0.8670        0.0040 
   1   H10       -7.1590       -0.8680        0.0050 
   1   H11        6.9900       -1.6050        0.0040 
   1   H12       -6.9900        1.6040        0.0040 

