# CDFTB-CI Sub Values
# Frame  Time(fs)      E_A(Ha)      E_B(Ha)        H_AB(Ha)        J_direct(meV)        V_A(Ha)        V_B(Ha)      N_A      N_B        S_AB        S_AB_alpha      S_AB_beta        W_BA        W_BA_alpha      W_BA_beta        W_AB        W_AB_alpha      W_AB_beta
    0      0.00  -85.5878626475  -85.6024604833   -2.1384927322      -55.0966    0.1661271448    0.1521350285   101.0   101.0    0.0249601488    0.9334193233    0.0267405529    2.5332542450    1.2730222466    1.2602319984    2.5341844381    1.2729271217    1.2612573164
    1      4.00  -85.5932855574  -85.6070277721   -2.0984860334      -54.9549    0.1683033767    0.1549777732   101.0   101.0    0.0244913860    0.9311768004    0.0263015423    2.4854416046    1.2491259221    1.2363156825    2.4868652688    1.2490106757    1.2378545931
    2      8.00  -85.5929538797  -85.6050286138    2.1009817037       54.8895    0.1667786988    0.1551932677   101.0   101.0   -0.0245209029    0.9298855572   -0.0263698073   -2.4889406598   -1.2506235170   -1.2383171428   -2.4893566438   -1.2505223540   -1.2388342898
    3     12.00  -85.5819813428  -85.5937164130    2.2605038887       57.9369    0.1634294156    0.1522537688   101.0   101.0   -0.0263866282   -0.9268063651    0.0284704866   -2.6789689233   -1.3457743730   -1.3331945503   -2.6780765882   -1.3456763886   -1.3324001996
    4     16.00  -85.5823915668  -85.5931249150   -2.4651787657      -62.1106    0.1603280887    0.1501916438   101.0   101.0    0.0287762677   -0.9293077186   -0.0309652735    2.9219632184    1.4676643027    1.4542989157    2.9201875087    1.4675320851    1.4526554236
    5     20.00  -85.5968583411  -85.6066638926   -2.5755998794      -65.0298    0.1602594412    0.1510061030   101.0   101.0    0.0300602469   -0.9311728839   -0.0322821331    3.0523816489    1.5331526600    1.5192289889    3.0504413358    1.5330094053    1.5174319305
    6     24.00  -85.5918774793  -85.6019901163   -2.2867271344      -59.0467    0.1639333808    0.1541123858   101.0   101.0    0.0266897085    0.9337431845    0.0285835644    2.7096803976    1.3612614555    1.3484189422    2.7089075809    1.3611074612    1.3478001197
    7     28.00  -85.5839096073  -85.5937389600   -2.0374424368      -53.8322    0.1671689094    0.1578611015   101.0   101.0    0.0237818916    0.9374232758    0.0253694272    2.4139081499    1.2129567722    1.2009513777    2.4143938940    1.2128157637    1.2015781303
    8     32.00  -85.5809397170  -85.5910462100   -2.0580861425      -54.1501    0.1665475658    0.1572200797   101.0   101.0    0.0240237461    0.9372848608    0.0256312110    2.4382129194    1.2252731999    1.2129397195    2.4391974409    1.2251661352    1.2140313057
    9     36.00  -85.5947890034  -85.6022701411    2.3346895858       59.7951    0.1610976758    0.1541535782   101.0   101.0   -0.0272492082    0.9399895858   -0.0289888405   -2.7658559536   -1.3898001453   -1.3760558083   -2.7663772266   -1.3896401805   -1.3767370461
   10     40.00  -85.6037921789  -85.6088040261    2.7001489054       67.7720    0.1570106445    0.1523502159   101.0   101.0   -0.0315123816    0.9378820858   -0.0335995133   -3.1993011123   -1.6072424926   -1.5920586197   -3.1983890673   -1.6070411094   -1.5913479579
   11     44.00  -85.5906337538  -85.5969154725    2.8674750456       72.2190    0.1579454039    0.1521607304   101.0   101.0   -0.0334699697    0.9359443098   -0.0357606424   -3.3988220694   -1.7070919174   -1.6917301521   -3.3962981847   -1.7068663323   -1.6894318524
   12     48.00  -85.5926790964  -85.6013141041   -2.6499061690      -68.1173    0.1618759140    0.1540534738   101.0   101.0    0.0309286892    0.9328625282    0.0331546056    3.1404928525    1.5774731372    1.5630197154    3.1387532617    1.5772735781    1.5614796836
   13     52.00  -85.5998455120  -85.6097383067   -2.3071810685      -60.1031    0.1648316859    0.1557290748   101.0   101.0    0.0269257394   -0.9283825478   -0.0290028496    2.7330518389    1.3732833058    1.3597685331    2.7335219180    1.3731590392    1.3603628788
   14     56.00  -85.5820402266  -85.5920545288    2.2320669806       57.7046    0.1640910481    0.1546457588   101.0   101.0   -0.0260547179   -0.9294465731    0.0280325074   -2.6439706820   -1.3288545012   -1.3151161808   -2.6457475946   -1.3287434549   -1.3170041397
   15     60.00  -85.5878843979  -85.5962221972    2.2641449642       57.9400    0.1617768087    0.1539572011   101.0   101.0   -0.0264278706    0.9310614862   -0.0283846674   -2.6820843333   -1.3478851463   -1.3341991870   -2.6833522205   -1.3477738729   -1.3355783476
   16     64.00  -85.6059469643  -85.6134758971    2.1708295268       55.4074    0.1610077097    0.1537922178   101.0   101.0   -0.0253334967    0.9336584409   -0.0271335807   -2.5718977794   -1.2920699975   -1.2798277820   -2.5713282562   -1.2919629092   -1.2793653470
   17     68.00  -85.6002830365  -85.6109823739   -1.8329092682      -46.5098    0.1617663983    0.1514548614   101.0   101.0    0.0213911165    0.9329487696    0.0229285007    2.1719972534    1.0909882930    1.0810089604    2.1707961907    1.0909203209    1.0798758697
   18     72.00  -85.5914752600  -85.6061646031    1.5752870585       39.6110    0.1626585594    0.1486874361   101.0   101.0   -0.0183861341   -0.9272916906    0.0198277783   -1.8664631915   -0.9377150715   -0.9287481200   -1.8662270453   -0.9376828288   -0.9285442165
   19     76.00  -85.5839007682  -85.6019745546   -1.4923788783      -37.4550    0.1646316004    0.1470517168   101.0   101.0    0.0174196899   -0.9316369466   -0.0186979381    1.7677821857    0.8884307047    0.8793514810    1.7687122951    0.8883901933    0.8803221018
   20     80.00  -85.5936068446  -85.6096990216    1.5225293431       38.6212    0.1653063391    0.1493020616   101.0   101.0   -0.0177696340   -0.9389614062    0.0189247757   -1.8031787350   -0.9062768700   -0.8969018650   -1.8043945072   -0.9062371721   -0.8981573351
   21     84.00  -85.5963579548  -85.6090123911    1.6616864863       42.5988    0.1644466686    0.1517889127   101.0   101.0   -0.0193933287    0.9457120395   -0.0205065896   -1.9684716114   -0.9890921972   -0.9793794143   -1.9687951242   -0.9890390217   -0.9797561025
   22     88.00  -85.5824866023  -85.5939178729   -1.7963117928      -46.1077    0.1633205946    0.1522324028   101.0   101.0    0.0209680460   -0.9478415103   -0.0221218904    2.1287638181    1.0694151122    1.0593487059    2.1282419867    1.0693388022    1.0589031845
   23     92.00  -85.5910129363  -85.6015746642    1.9286501582       48.7874    0.1605847071    0.1508032574   101.0   101.0   -0.0225109893   -0.9477128262    0.0237529647   -2.2850632645   -1.1481047878   -1.1369584767   -2.2851917233   -1.1480281669   -1.1371635564
   24     96.00  -85.6067663591  -85.6168378396    2.0860424441       51.9399    0.1584032524    0.1488700691   101.0   101.0   -0.0243439997    0.9443688318   -0.0257780635   -2.4706221042   -1.2415888295   -1.2290332747   -2.4717484616   -1.2415117240   -1.2302367375
   25    100.00  -85.5914557327  -85.6016301573   -2.2414022960      -55.7506    0.1585918877    0.1486316767   101.0   101.0    0.0261617283   -0.9390755042   -0.0278590253    2.6551055507    1.3343023183    1.3208032324    2.6562765421    1.3342086742    1.3220678679
   26    104.00  -85.5861942661  -85.5963344098    2.1674188346       54.7160    0.1606231771    0.1507588429   101.0   101.0   -0.0252994050    0.9376370389   -0.0269820879   -2.5682054787   -1.2903227688   -1.2778827099   -2.5681013629   -1.2902309790   -1.2778703839
   27    108.00  -85.5797302795  -85.5914786646    1.8162591670       46.9036    0.1646260457    0.1533004411   101.0   101.0   -0.0212014100   -0.9444569321    0.0224482550   -2.1524665615   -1.0813238621   -1.0711426994   -2.1518839708   -1.0812339934   -1.0706499774
   28    112.00  -85.5805091818  -85.5942437445   -1.4875172052      -38.6278    0.1666445681    0.1536318919   101.0   101.0    0.0173635146   -0.9499257714   -0.0182788120    1.7624718692    0.8855836746    0.8768881946    1.7626961914    0.8855076949    0.8771884965
   29    116.00  -85.5877969274  -85.6010557910    1.4533277259       37.1539    0.1646071169    0.1518274132   101.0   101.0   -0.0169632815   -0.9485234639    0.0178838818   -1.7212570686   -0.8651670229   -0.8560900457   -1.7226412413   -0.8651000118   -0.8575412295
   30    120.00  -85.5827643468  -85.5943809165    1.6829291730       42.4959    0.1621940625    0.1506377143   101.0   101.0   -0.0196447659    0.9428328234   -0.0208358952   -1.9930463016   -1.0019295595   -0.9911167421   -1.9952462052   -1.0018522792   -0.9933939260
   31    124.00  -85.5884896346  -85.5966995067   -1.8703231937      -47.2330    0.1600898604    0.1518403967   101.0   101.0    0.0218311808   -0.9409807956   -0.0232004531    2.2156083674    1.1134342365    1.1021741310    2.2165743055    1.1133620802    1.1032122253
   32    128.00  -85.5971870644  -85.6039130489    1.7464921486       44.3241    0.1596457769    0.1531721330   101.0   101.0   -0.0203837857   -0.9374276573    0.0217443827   -2.0698102362   -1.0396105045   -1.0301997317   -2.0685161691   -1.0395516115   -1.0289645576
   33    132.00  -85.5991376673  -85.6069573830    1.5793018188       40.2509    0.1606455410    0.1534385010   101.0   101.0   -0.0184318511   -0.9291097172    0.0198381857   -1.8717674783   -0.9400536351   -0.9317138432   -1.8702702881   -0.9400105697   -0.9302597183
   34    136.00  -85.5983093851  -85.6066951452   -1.5601862826      -39.6750    0.1608317104    0.1528879785   101.0   101.0    0.0182089099   -0.9195262904   -0.0198024897    1.8485044441    0.9286698513    0.9198345928    1.8482798871    0.9286529776    0.9196269095
   35    140.00  -85.6000568227  -85.6098291249    1.6972956516       43.0029    0.1614634563    0.1517738917   101.0   101.0   -0.0198086146   -0.9136553177    0.0216806209   -2.0100679023   -1.0102485304   -0.9998193719   -2.0114970386   -1.0102464391   -1.0012505995
   36    144.00  -85.5974000611  -85.6072883292   -1.7256325617      -43.8239    0.1621850228    0.1521815674   101.0   101.0    0.0201398931   -0.9141118518   -0.0220321978    2.0433951063    1.0271372306    1.0162578757    2.0454197016    1.0271479677    1.0182717339
   37    148.00  -85.5990874771  -85.6084457916    1.6839709238       43.0864    0.1625148355    0.1532902175   101.0   101.0   -0.0196531951    0.9134978529   -0.0215142215   -1.9947858827   -1.0023064620   -0.9924794207   -1.9952277838   -1.0023335636   -0.9928942203
   38    152.00  -85.5969878581  -85.6066815457    1.7358946707       44.2912    0.1616214063    0.1525388998   101.0   101.0   -0.0202596943    0.9107518714   -0.0222450207   -2.0572806554   -1.0332431445   -1.0240375109   -2.0558606256   -1.0332610081   -1.0225996175
   39    156.00  -85.5951358806  -85.6039727180   -1.9662287115      -49.3058    0.1586170678    0.1504641885   101.0   101.0    0.0229489134    0.9181244442    0.0249954279    2.3303627909    1.1704066705    1.1599561204    2.3287240594    1.1703988839    1.1583251755
   40    160.00  -85.5971257545  -85.6056824049    2.3113862036       57.4268    0.1574457463    0.1493687008   101.0   101.0   -0.0269770786    0.9308926786   -0.0289797946   -2.7383861854   -1.3758727019   -1.3625134835   -2.7385003491   -1.3758085057   -1.3626918434
   41    164.00  -85.5977110447  -85.6062575643    2.3501558203       58.9581    0.1591485298    0.1508072541   101.0   101.0   -0.0274291440    0.9326620097   -0.0294095221   -2.7835269873   -1.3989458412   -1.3845811461   -2.7851651949   -1.3988473111   -1.3863178837
   42    168.00  -85.5922374907  -85.5999276961    2.1468660206       55.1387    0.1618612953    0.1544773695   101.0   101.0   -0.0250576854   -0.9287239999    0.0269807665   -2.5431424706   -1.2779927277   -1.2651497430   -2.5441556608   -1.2779111425   -1.2662445184
   43    172.00  -85.5874537878  -85.5951858632   -1.8995118176      -49.6268    0.1640695948    0.1570372247   101.0   101.0    0.0221715014    0.9246537399    0.0239781665    2.2506740607    1.1307856224    1.1198884383    2.2506878487    1.1307273465    1.1199605022
   44    176.00  -85.5887778776  -85.5952019278   -1.9958788056      -51.5189    0.1615805482    0.1557132504   101.0   101.0    0.0232964034    0.9276404957    0.0251136119    2.3652396857    1.1881644726    1.1770752131    2.3644877795    1.1880908811    1.1763968984
   45    180.00  -85.5895671430  -85.5953186096   -2.2764977245      -57.0772    0.1572521719    0.1519298038   101.0   101.0    0.0265724414   -0.9350333161   -0.0284187108    2.6977932497    1.3552567853    1.3425364644    2.6969623854    1.3551554230    1.3418069624
   46    184.00  -85.5955817129  -85.6023983599    2.3462732907       58.3610    0.1568025911    0.1503704089   101.0   101.0   -0.0273850026   -0.9427485364    0.0290480457   -2.7796835660   -1.3967166110   -1.3829669550   -2.7800226520   -1.3965790452   -1.3834436068
   47    188.00  -85.6045019504  -85.6124400918    1.9739813221       49.6454    0.1591091469    0.1514647704   101.0   101.0   -0.0230369362    0.9466922994   -0.0243341329   -2.3383033757   -1.1749505272   -1.1633528485   -2.3386642142   -1.1748387682   -1.1638254460
   48    192.00  -85.5937694697  -85.6022766714   -1.6227005042      -41.5314    0.1618867945    0.1536312318   101.0   101.0    0.0189393890   -0.9514418034   -0.0199059878    1.9227763460    0.9659661890    0.9568101569    1.9223173585    0.9658713670    0.9564459915
   49    196.00  -85.5850123460  -85.5941367595   -1.4991258045      -38.7819    0.1638031048    0.1547322502   101.0   101.0    0.0174986335    0.9540184338    0.0183420287    1.7765270580    0.8924859427    0.8840411153    1.7760812485    0.8923942185    0.8836870300
   50    200.00  -85.5882400136  -85.5975364462    1.6583700252       42.2994    0.1620136207    0.1526068613   101.0   101.0   -0.0193569301    0.9542722657   -0.0202844940   -1.9649119079   -0.9872636880   -0.9776482199   -1.9649523445   -0.9871615655   -0.9777907790
   51    204.00  -85.5909283499  -85.6015602359   -2.1060072611      -52.5156    0.1591803666    0.1487400240   101.0   101.0    0.0245814214   -0.9489980682   -0.0259024989    2.4947234212    1.2537502439    1.2409731772    2.4958315362    1.2535793565    1.2422521798
   52    208.00  -85.5944142409  -85.6069873535    2.3508083555       58.0116    0.1585415519    0.1463308553   101.0   101.0   -0.0274375846    0.9354791995   -0.0293299782   -2.7844283384   -1.3994323554   -1.3849959831   -2.7859974811   -1.3992257906   -1.3867716905
   53    212.00  -85.5887834996  -85.6005007048    2.3433803879       58.1091    0.1582529330    0.1470663962   101.0   101.0   -0.0273527041    0.9259284808   -0.0295408389   -2.7764645953   -1.3951125420   -1.3813520534   -2.7767696889   -1.3948887183   -1.3818809705
   54    216.00  -85.5891402288  -85.6006615758    2.1401945306       53.7509    0.1596899954    0.1487739624   101.0   101.0   -0.0249806846   -0.9355147640    0.0267026086   -2.5364205913   -1.2741150494   -1.2623055420   -2.5352510733   -1.2739395080   -1.2613115653
   55    220.00  -85.6067228297  -85.6178345814    1.9429463750       49.2320    0.1610524188    0.1505109377   101.0   101.0   -0.0226735833   -0.9445550845    0.0240045114   -2.3023175513   -1.1564278550   -1.1458896962   -2.3009271413   -1.1562983075   -1.1446288339
   56    224.00  -85.5998567149  -85.6116642549    1.9095770850       48.1556    0.1610814509    0.1497471806   101.0   101.0   -0.0222859699   -0.9512280008    0.0234286311   -2.2623946122   -1.1366700559   -1.1257245563   -2.2621356354   -1.1365221457   -1.1256134896
   57    228.00  -85.5953524990  -85.6079617900   -1.8967759015      -47.5489    0.1611207919    0.1487456518   101.0   101.0    0.0221377550   -0.9567704277   -0.0231380008    2.2465986333    1.1291151159    1.1174835174    2.2478338997    1.1289576621    1.1188762377
   58    232.00  -85.5913452457  -85.6028043466   -1.7636941413      -44.1650    0.1606061375    0.1493054824   101.0   101.0    0.0205856463    0.9603444201    0.0214356911    2.0888827733    1.0499539322    1.0389288411    2.0904222514    1.0498009197    1.0406213317
   59    236.00  -85.5934160001  -85.6032357499    1.8270476807       46.0183    0.1602206049    0.1505411635   101.0   101.0   -0.0213246757   -0.9596240261    0.0222219068   -2.1645536982   -1.0876448308   -1.0769088675   -2.1648063694   -1.0874904068   -1.0773159626
   60    240.00  -85.5944282288  -85.6041947704   -2.1290038722      -53.7387    0.1599509243    0.1503552178   101.0   101.0    0.0248486696   -0.9557129285   -0.0260001397    2.5232131142    1.2673904401    1.2558226741    2.5216260200    1.2671956741    1.2544303459
   61    244.00  -85.5946960833  -85.6039781550    2.3814493925       59.6661    0.1584260956    0.1495039946   101.0   101.0   -0.0277952702   -0.9492157768    0.0292823517   -2.8225681702   -1.4176732203   -1.4048949499   -2.8204993959   -1.4174651072   -1.4030342887
   62    248.00  -85.6032892279  -85.6144942054   -2.5159392586      -62.7056    0.1583967412    0.1477018159   101.0   101.0    0.0293618434   -0.9353532331   -0.0313911818    2.9810136729    1.4976023436    1.4834113293    2.9801619616    1.4973316150    1.4828303466
   63    252.00  -85.5879512284  -85.6006753298   -2.3719866772      -59.4610    0.1598956286    0.1477744389   101.0   101.0    0.0276864366   -0.9138905926   -0.0302951325    2.8100412413    1.4121843764    1.3978568649    2.8110684481    1.4118631095    1.3992053387
   64    256.00  -85.5813362745  -85.5918391759   -1.8885576945      -47.8349    0.1602343572    0.1502972234   101.0   101.0    0.0220455079    0.9280079331    0.0237557321    2.2374374957    1.1244421457    1.1129953500    2.2384306306    1.1242251060    1.1142055246
   65    260.00  -85.5949907202  -85.6026812926   -1.4258690431      -35.9388    0.1583339631    0.1509975016   101.0   101.0    0.0166421459    0.9434345252    0.0176399585    1.6897143924    0.8488176835    0.8408967089    1.6890620828    0.8486991627    0.8403629201
   66    264.00  -85.5868780837  -85.5915169803   -1.2336124422      -30.3879    0.1540195581    0.1495123400   101.0   101.0    0.0144001316    0.9463242525    0.0152169106    1.4625707002    0.7344587030    0.7281119972    1.4609483320    0.7343703617    0.7265779702
   67    268.00  -85.5882713890  -85.5924047241   -1.4315306556      -34.7342    0.1516704033    0.1476012962   101.0   101.0    0.0167104632    0.9449436601    0.0176840842    1.6970864482    0.8522968805    0.8447895677    1.6954659551    0.8521898917    0.8432760634
   68    272.00  -85.5928141705  -85.5989939378    1.7690150855       43.5211    0.1541875648    0.1484294103   101.0   101.0   -0.0206483679    0.9393207907   -0.0219822323   -2.0963526985   -1.0531580632   -1.0431946353   -2.0957466061   -1.0530011983   -1.0427454078
   69    276.00  -85.5914647184  -85.5986422338   -1.8773972693      -47.7057    0.1589503982    0.1525552223   101.0   101.0    0.0219129966   -0.9410853929   -0.0232848122    2.2243332866    1.1176644009    1.1066688857    2.2246097025    1.1174875530    1.1071221494
   70    280.00  -85.5971045005  -85.6045508474   -1.9556576173      -50.5594    0.1614723710    0.1547985112   101.0   101.0    0.0228245409    0.9421482349    0.0242260613    2.3171307806    1.1641487893    1.1529819913    2.3169212229    1.1639792432    1.1529419798
   71    284.00  -85.5917307378  -85.5983487804   -2.2903983353      -58.3531    0.1588148196    0.1529307172   101.0   101.0    0.0267334872   -0.9236871190   -0.0289421457    2.7144629732    1.3635341141    1.3509288591    2.7131926899    1.3633127747    1.3498799152
   72    288.00  -85.5870355247  -85.5919916833   -2.8384832857      -70.5990    0.1544851256    0.1502401703   101.0   101.0    0.0331336013   -0.8838272095   -0.0374887772    3.3640610765    1.6899943877    1.6740666888    3.3629676097    1.6896746776    1.6732929320
   73    292.00  -85.5925577052  -85.5990971603    2.8850732612       71.2962    0.1543414240    0.1486281601   101.0   101.0   -0.0336751599    0.8536682002   -0.0394475979   -3.4182881714   -1.7176209746   -1.7006671968   -3.4186938355   -1.7172959129   -1.7013979226
   74    296.00  -85.6028702306  -85.6097119033   -2.4859091468      -62.0994    0.1560481961    0.1501679222   101.0   101.0    0.0290122023    0.8859542925    0.0327468387    2.9452008320    1.4797461779    1.4654546540    2.9450720371    1.4795401559    1.4655318812
   75    300.00  -85.6088642386  -85.6165605884   -2.1403246262      -54.1543    0.1583926002    0.1516966562   101.0   101.0    0.0249768338   -0.9249053885   -0.0270047446    2.5362230264    1.2739413384    1.2622816880    2.5347370860    1.2737362421    1.2610008439
   76    304.00  -85.5959614211  -85.6042368166   -1.9841539275      -50.1226    0.1589095539    0.1512095072   101.0   101.0    0.0231578231   -0.9385985904   -0.0246727657    2.3517481944    1.1811439891    1.1706042053    2.3498430280    1.1809837779    1.1688592501
   77    308.00  -85.5965142500  -85.6053044708   -1.8677774790      -46.3072    0.1568130040    0.1484640633   101.0   101.0    0.0217997184   -0.9331641528   -0.0233610757    2.2137603075    1.1118815868    1.1018787207    2.2120334633    1.1117218970    1.1003115663
   78    312.00  -85.6000457563  -85.6104905398   -1.8590700803      -45.6990    0.1565834332    0.1467911060   101.0   101.0    0.0216971538    0.9126599384    0.0237735359    2.2025342376    1.1066339594    1.0959002782    2.2024305092    1.1065079788    1.0959225304
   79    316.00  -85.5953156938  -85.6079332937   -2.0683512443      -51.4774    0.1593048627    0.1473700770   101.0   101.0    0.0241404237   -0.9024055783   -0.0267511907    2.4497477815    1.2312307631    1.2185170185    2.4513548078    1.2311205973    1.2202342105
   80    320.00  -85.5981749997  -85.6112917150    2.3137846236       58.0071    0.1606175487    0.1479308869   101.0   101.0   -0.0270037977    0.9150559327   -0.0295105433   -2.7405914564   -1.3772851711   -1.3633062853   -2.7418634676   -1.3771293771   -1.3647340905
   81    324.00  -85.5992218164  -85.6124940223    2.6974834753       67.4455    0.1603201861    0.1471818067   101.0   101.0   -0.0314815477   -0.9234574051    0.0340909581   -3.1956329078   -1.6056705974   -1.5899623104   -3.1958922547   -1.6054745603   -1.5904176944
   82    328.00  -85.5970791725  -85.6099753933    3.0031192277       74.7127    0.1589448412    0.1463203051   101.0   101.0   -0.0350496490   -0.9133754477    0.0383737587   -3.5585085796   -1.7877044766   -1.7708041030   -3.5574540613   -1.7873976694   -1.7700563918
   83    332.00  -85.5907414320  -85.6035571492   -3.1326020541      -78.2997    0.1585957822    0.1467297860   101.0   101.0    0.0365634209   -0.9093922335   -0.0402064362    3.7122451099    1.8650306878    1.8472144221    3.7112231290    1.8645089231    1.8467142060
   84    336.00  -85.5860621500  -85.6004701960    2.7738286471       70.5708    0.1623902483    0.1490758092   101.0   101.0   -0.0323767902    0.9244431004   -0.0350230211   -3.2863576836   -1.6514375840   -1.6349200995   -3.2870913649   -1.6510499378   -1.6360414271
   85    340.00  -85.5798279159  -85.5957685358   -2.4660781283      -63.4152    0.1649725535    0.1501148190   101.0   101.0    0.0287862022   -0.9476510719   -0.0303763727    2.9215902242    1.4683369261    1.4532532981    2.9228678743    1.4679243780    1.4549434963
   86    344.00  -85.5816465573  -85.5972372266   -2.4498932677      -62.1515    0.1634138381    0.1481547516   101.0   101.0    0.0285970931   -0.9522157737   -0.0300321565    2.9023253185    1.4586933933    1.4436319252    2.9036766085    1.4582897106    1.4453868979
   87    348.00  -85.5884398281  -85.6034640870   -2.6710279450      -66.0764    0.1599905937    0.1450514451   101.0   101.0    0.0311767043    0.9438740691    0.0330305761    3.1642621208    1.5901843098    1.5740778110    3.1653259427    1.5898911559    1.5754347868
   88    352.00  -85.5937215198  -85.6096629344   -2.9031464410      -71.0408    0.1578286450    0.1426821225   101.0   101.0    0.0338840935    0.9207386555    0.0368009894    3.4396743719    1.7283388431    1.7113355288    3.4396620669    1.7279254408    1.7117366261
   89    356.00  -85.6034673919  -85.6207445096   -2.7608275764      -68.7136    0.1609824421    0.1445754958   101.0   101.0    0.0322186024    0.8849769313    0.0364061494    3.2705642988    1.6432717240    1.6272925748    3.2706548458    1.6430835995    1.6275712463
   90    360.00  -85.5900766777  -85.6083819396   -2.5522794985      -65.1712    0.1653290560    0.1479584363   101.0   101.0    0.0297886385    0.8742278267    0.0340742283    3.0238289685    1.5192925611    1.5045364074    3.0240681922    1.5191897029    1.5048784893
   91    364.00  -85.5858550993  -85.6032251686   -2.7293050595      -69.8524    0.1650117346    0.1487395305   101.0   101.0    0.0318564482    0.8882566608    0.0358640127    3.2336709224    1.6248098057    1.6088611167    3.2340797321    1.6246078456    1.6094718866
   92    368.00  -85.5974034797  -85.6128574346    3.1091739016       77.9260    0.1616645087    0.1466890123   101.0   101.0   -0.0362864954   -0.9023637592    0.0402127136   -3.6829374654   -1.8507361288   -1.8322013366   -3.6841417058   -1.8505434155   -1.8335982903
   93    372.00  -85.5965707349  -85.6125890103    3.1807918902       78.3877    0.1597200961    0.1440295522   101.0   101.0   -0.0371231446    0.9133471962   -0.0406451618   -3.7675496308   -1.8934425548   -1.8741070761   -3.7693538783   -1.8932071336   -1.8761467448
   94    376.00  -85.5886702924  -85.6056113902    2.9696054513       73.2061    0.1601631375    0.1436235984   101.0   101.0   -0.0346613817   -0.9008027537    0.0384783257   -3.5181917995   -1.7678672661   -1.7503245334   -3.5188673119   -1.7676963572   -1.7511709547
   95    380.00  -85.5802378001  -85.5964113400   -3.0528883650      -75.9240    0.1606283585    0.1452699511   101.0   101.0    0.0356368491   -0.9050948998   -0.0393736050    3.6179600043    1.8175833032    1.8003767011    3.6171264245    1.8174388786    1.7996875459
   96    384.00  -85.5917976667  -85.6069749328   -2.9683943338      -73.7808    0.1596712200    0.1456013435   101.0   101.0    0.0346460771   -0.9198229440   -0.0376660284    3.5177782905    1.7671574176    1.7506208729    3.5161833077    1.7668326281    1.7493506796
   97    388.00  -85.5922811098  -85.6052653291   -3.0016777092      -74.3271    0.1584441119    0.1461995943   101.0   101.0    0.0350349208   -0.9192968268   -0.0381105643    3.5569651515    1.7869449288    1.7700202227    3.5559109155    1.7866788452    1.7692320702
   98    392.00  -85.5887232626  -85.6011416904    2.9678546999       73.5496    0.1584079273    0.1463835803   101.0   101.0   -0.0346416747   -0.9075189386    0.0381718476   -3.5166923695   -1.7668791235   -1.7498132460   -3.5163858961   -1.7666185993   -1.7497672968
   99    396.00  -85.5904078667  -85.6032072936   -2.7477355425      -69.9332    0.1622233055    0.1500665769   101.0   101.0    0.0320708870    0.8958963505    0.0357975418    3.2553662713    1.6357729403    1.6195933310    3.2558914492    1.6355048190    1.6203866302
  100    400.00  -85.5861158302  -85.5977963170   -2.5052871916      -65.0098    0.1645624441    0.1536963834   101.0   101.0    0.0292422120   -0.9053974200   -0.0322976534    2.9684388511    1.4914385573    1.4770002937    2.9685173463    1.4912988023    1.4772185440
  101    404.00  -85.5901326789  -85.6005676818    2.5936839061       65.9469    0.1605440839    0.1513716732   101.0   101.0   -0.0302733781   -0.9178175288    0.0329840924   -3.0734171039   -1.5440658149   -1.5293512890   -3.0728680824   -1.5438611665   -1.5290069158
  102    408.00  -85.5919724297  -85.6006261596   -2.8697962853      -70.8824    0.1554832780    0.1478916355   101.0   101.0    0.0334966748    0.9211113988    0.0363654981    3.4005616081    1.7085319732    1.6920296349    3.4001005252    1.7081973685    1.6919031567
  103    412.00  -85.5941265056  -85.6021778342   -2.8725845462      -70.1125    0.1542919017    0.1466779432   101.0   101.0    0.0335288541    0.9207066079    0.0364164369    3.4036337810    1.7100930522    1.6935407288    3.4034334956    1.7098959707    1.6935375249
  104    416.00  -85.6059917524  -85.6154177032   -2.5533069026      -63.2715    0.1568954954    0.1482623297   101.0   101.0    0.0297974620   -0.9254018388   -0.0321994843    3.0253168260    1.5198704668    1.5054463592    3.0242178443    1.5195392525    1.5046785917
  105    420.00  -85.5976817172  -85.6077491655   -2.3027848918      -58.9462    0.1619403776    0.1528048455   101.0   101.0    0.0268755336   -0.9301443614   -0.0288939381    2.7288579721    1.3707880581    1.3580699140    2.7274901217    1.3705619037    1.3569282180
  106    424.00  -85.5856864847  -85.5973579552    2.1379498172       54.6227    0.1625754183    0.1518323074   101.0   101.0   -0.0249550705    0.9311161847   -0.0268012423   -2.5336177937   -1.2727998032   -1.2608179906   -2.5328172410   -1.2726466814   -1.2601705596
  107    428.00  -85.6020411255  -85.6152703273   -2.2324518359      -55.0656    0.1583585648    0.1459177940   101.0   101.0    0.0260537698   -0.9202924739   -0.0283103150    2.6447962614    1.3288536407    1.3159426207    2.6446622070    1.3286659572    1.3159962498
  108    432.00  -85.6063072608  -85.6204321882   -2.6360731189      -63.5489    0.1557277045    0.1421160313   101.0   101.0    0.0307631594   -0.9039298289   -0.0340326853    3.1224330497    1.5689967994    1.5534362503    3.1231203831    1.5688768111    1.5542435720
  109    436.00  -85.5969080073  -85.6112532536    2.6849292414       65.3604    0.1568621644    0.1433333085   101.0   101.0   -0.0313364418   -0.8910179977    0.0351692580   -3.1806657316   -1.5982570641   -1.5824086675   -3.1813306117   -1.5980995840   -1.5832310277
  110    440.00  -85.5970065215  -85.6093910651    2.3653314840       59.5669    0.1601922736    0.1487884946   101.0   101.0   -0.0276057726    0.8933907004   -0.0309000000   -2.8026260163   -1.4080166186   -1.3946093977   -2.8020579845   -1.4078228193   -1.3942351652
  111    444.00  -85.5879273375  -85.5986869514   -2.1273804718      -54.1783    0.1611892955    0.1512549844   101.0   101.0    0.0248312576    0.9068258223    0.0273826097    2.5211984135    1.2664639484    1.2547344651    2.5201725416    1.2663611638    1.2538113778
  112    448.00  -85.5807368116  -85.5939332152   -2.1266611824      -53.1506    0.1592532649    0.1470534984   101.0   101.0    0.0248250274   -0.9180326090   -0.0270415529    2.5205363889    1.2662509275    1.2542854614    2.5195884680    1.2659685499    1.2536199181
  113    452.00  -85.5852122136  -85.5999747803    2.1164626128       51.8571    0.1578411228    0.1437556885   101.0   101.0   -0.0247049051   -0.9217975247    0.0268007935   -2.5079974608   -1.2601153438   -1.2478821171   -2.5076522272   -1.2598458160   -1.2478064111
  114    456.00  -85.5838796503  -85.5998628160    1.9963945595       49.1892    0.1595090716    0.1442278263   101.0   101.0   -0.0233034617   -0.9306540772    0.0250398749   -2.3655111543   -1.1885970987   -1.1769140556   -2.3655982126   -1.1883963744   -1.1772018382
  115    460.00  -85.5781300462  -85.5942858425    1.6457401629       41.1486    0.1616189354    0.1465063153   101.0   101.0   -0.0192113661   -0.9397002530    0.0204441428   -1.9502936439   -0.9799359444   -0.9703576996   -1.9500196616   -0.9796723823   -0.9703472793
  116    464.00  -85.5804853251  -85.5949633574   -1.7266761802      -43.2661    0.1614429778    0.1475641889   101.0   101.0    0.0201557664    0.9436261994    0.0213599055    2.0460625495    1.0280400155    1.0180225340    2.0459806221    1.0278758741    1.0181047480
  117    468.00  -85.5946747453  -85.6087423037    2.0133096051       49.3959    0.1581345215    0.1447179992   101.0   101.0   -0.0234982966   -0.9300123939    0.0252666489   -2.3850631433   -1.1985403312   -1.1865228121   -2.3855917650   -1.1983187385   -1.1872730265
  118    472.00  -85.5919505826  -85.6027783099    2.4147430983       58.7550    0.1547877999    0.1448217839   101.0   101.0   -0.0281852591   -0.9083274054    0.0310298455   -2.8604136815   -1.4376520315   -1.4227616501   -2.8618844910   -1.4372936585   -1.4245908325
  119    476.00  -85.5892027903  -85.5973557022   -2.2971408177      -57.1435    0.1564119218    0.1492331667   101.0   101.0    0.0268133299   -0.9047512787   -0.0296361337    2.7212662377    1.3676163426    1.3536498952    2.7225389365    1.3673814975    1.3551574390
  120    480.00  -85.5902100822  -85.5984971055    1.9433816878       50.0146    0.1607611377    0.1540066722   101.0   101.0   -0.0226830814   -0.9102892204    0.0249185433   -2.3025387981   -1.1569780307   -1.1455607675   -2.3028063007   -1.1567417210   -1.1460645797
  121    484.00  -85.5855613851  -85.5943217233   -1.8507927952      -47.4564    0.1607304160    0.1531290782   101.0   101.0    0.0216035760   -0.9219974627   -0.0234312749    2.1933327787    1.1018938754    1.0914389033    2.1928031126    1.1017100351    1.0910930775
  122    488.00  -85.6013079354  -85.6108204345   -2.0237104676      -49.8573    0.1559921713    0.1469275716   101.0   101.0    0.0236183998   -0.9301582032   -0.0253918093    2.3980898274    1.2046318114    1.1934580161    2.3969881207    1.2044782274    1.1925098933
  123    492.00  -85.5977255828  -85.6068849390    2.0068858201       47.8666    0.1516562185    0.1426054483   101.0   101.0   -0.0234237472    0.9339870359   -0.0250793065   -2.3779204219   -1.1947771527   -1.1831432692   -2.3775775431   -1.1944952347   -1.1830823084
  124    496.00  -85.6010257870  -85.6079237118   -1.8652403091      -45.1356    0.1528503540    0.1461698350   101.0   101.0    0.0217696751   -0.9325468078   -0.0233443243    2.2095759557    1.1103631585    1.0992127973    2.2100986244    1.1101792555    1.0999193689
  125    500.00  -85.6087877228  -85.6144950998   -1.7207940621      -43.4100    0.1577746928    0.1528575635   101.0   101.0    0.0200813668   -0.9205991845   -0.0218133658    2.0385503751    1.0242591102    1.0142912649    2.0384262151    1.0240787819    1.0143474332
  126    504.00  -85.5890735103  -85.5933693904   -1.8544156681      -48.0687    0.1604678532    0.1573820818   101.0   101.0    0.0216453177   -0.9106484468   -0.0237691260    2.1977998215    1.1040516877    1.0937481337    2.1967748933    1.1038209324    1.0929539609
  127    508.00  -85.5977444377  -85.6016619082    2.3666549582       59.9489    0.1568846253    0.1539203740   101.0   101.0   -0.0276221971    0.8985566419   -0.0307406299   -2.8048073058   -1.4088792872   -1.3959280186   -2.8032145605   -1.4086351608   -1.3945793997
  128    512.00  -85.5965311016  -85.6025622360   -2.9861761225      -72.8331    0.1522141163    0.1471105353   101.0   101.0    0.0348541514    0.8866675225    0.0393091553    3.5387155333    1.7777999781    1.7609155553    3.5375716100    1.7773966476    1.7601749624
  129    516.00  -85.5898296201  -85.5946145772   -3.1496901849      -76.9284    0.1517442821    0.1477591878   101.0   101.0    0.0367657603   -0.8804935729   -0.0417558531    3.7321269535    1.8752728210    1.8568541325    3.7323158436    1.8749132182    1.8574026254
  130    520.00  -85.5766042645  -85.5798400358    2.8440621586       71.3403    0.1547386514    0.1524908899   101.0   101.0   -0.0332028451    0.8752733448   -0.0379342582   -3.3707971599   -1.6934720177   -1.6773251422   -3.3703074969   -1.6932886348   -1.6770188622
  131    524.00  -85.5730561577  -85.5753330898    3.0173182291       76.0727    0.1543111934    0.1535082903   101.0   101.0   -0.0352270053    0.8880333285   -0.0396685622   -3.5771919242   -1.7967733513   -1.7804185728   -3.5749854520   -1.7964775148   -1.7785079372
  132    528.00  -85.5997628376  -85.6011630284   -3.2368049825      -79.9263    0.1513287061    0.1510377909   101.0   101.0    0.0377786245   -0.8741850747   -0.0432158196    3.8361467415    1.9268721998    1.9092745417    3.8339899883    1.9266318788    1.9073581095
  133    532.00  -85.5934460288  -85.5972096699   -3.2305649827      -78.0773    0.1496781069    0.1468055893   101.0   101.0    0.0377087836    0.8722861083    0.0432298339    3.8279381504    1.9233478214    1.9045903289    3.8279471293    1.9230389739    1.9049081554
  134    536.00  -85.5915427798  -85.5961162759    2.8004606975       68.0809    0.1509826243    0.1472640533   101.0   101.0   -0.0326887906   -0.8686907449    0.0376299515   -3.3178251896   -1.6673178846   -1.6505073050   -3.3188787790   -1.6670264971   -1.6518522819
  135    540.00  -85.5909397667  -85.5954565063   -2.4039434769      -60.3771    0.1558382692    0.1520549356   101.0   101.0    0.0280597607   -0.8644963773   -0.0324579275    2.8481264783    1.4311644762    1.4169620022    2.8487790262    1.4309993167    1.4177797096
  136    544.00  -85.5908780601  -85.5970471477   -2.3436989479      -59.4446    0.1577689589    0.1527948607   101.0   101.0    0.0273560696   -0.8656058572   -0.0316033786    2.7773427401    1.3953144352    1.3820283049    2.7767097285    1.3950871238    1.3816226047
  137    548.00  -85.6090423592  -85.6140112987   -2.5841488938      -63.6545    0.1531949362    0.1492332909   101.0   101.0    0.0301572665    0.8639810920    0.0349050075    3.0621338434    1.5381620231    1.5239718204    3.0605530014    1.5379552358    1.5225977657
  138    552.00  -85.6085552943  -85.6137567298    2.8947897938       69.2455    0.1492742492    0.1448590265   101.0   101.0   -0.0337835068   -0.8727646221    0.0387086116   -3.4299042827   -1.7231293370   -1.7067749457   -3.4289562729   -1.7228705971   -1.7060856759
  139    556.00  -85.6125147772  -85.6181040760   -2.7949695902      -67.3801    0.1504243581    0.1456636524   101.0   101.0    0.0326167532   -0.8819118093   -0.0369841438    3.3108892663    1.6636710599    1.6472182064    3.3111509421    1.6633213448    1.6478295973
  140    560.00  -85.6031832809  -85.6088415760   -2.4381258096      -61.4484    0.1571051282    0.1520415891   101.0   101.0    0.0284543989   -0.8880341273   -0.0320420105    2.8881193878    1.4513219737    1.4367974141    2.8889002849    1.4510850456    1.4378152393
  141    564.00  -85.5840628977  -85.5930028138    2.3233039458       59.9830    0.1622624873    0.1542301091   101.0   101.0   -0.0271192826   -0.8987198574    0.0301754572   -2.7526715617   -1.3832422995   -1.3694292622   -2.7532989851   -1.3829813241   -1.3703176610
  142    568.00  -85.5999487221  -85.6124374394    2.2848494209       57.8149    0.1612609238    0.1497770890   101.0   101.0   -0.0266654161    0.9031102971   -0.0295262010   -2.7068553448   -1.3601200979   -1.3467352469   -2.7068832018   -1.3598137240   -1.3470694778
  143    572.00  -85.5973903784  -85.6137968197    2.2420925094       54.8175    0.1589381851    0.1430126807   101.0   101.0   -0.0261674256    0.9142161652   -0.0286227991   -2.6560154829   -1.3346567563   -1.3213587266   -2.6565175103   -1.3344634606   -1.3220540498
  144    576.00  -85.5946164726  -85.6150403724   -1.9236761512      -45.9765    0.1578651195    0.1380669544   101.0   101.0    0.0224518474   -0.9185196394   -0.0244435137    2.2787249559    1.1451659608    1.1335589951    2.2794333408    1.1449665808    1.1344667600
  145    580.00  -85.5900620019  -85.6090685549    1.6159708592       39.2454    0.1594902684    0.1410040131   101.0   101.0   -0.0188614114   -0.9190435112    0.0205228710   -1.9144420262   -0.9620247432   -0.9524172829   -1.9147822581   -0.9618757800   -0.9529064782
  146    584.00  -85.5815890643  -85.5961118196    1.6218705907       40.5963    0.1613903771    0.1471596575   101.0   101.0   -0.0189321237   -0.9238387000    0.0204928888   -1.9217389867   -0.9656164217   -0.9561225650   -1.9218979358   -0.9654958466   -0.9564020892
  147    588.00  -85.5817054503  -85.5928917542   -1.7326482334      -43.2015    0.1589574586    0.1480198064   101.0   101.0    0.0202256718    0.9229243701    0.0219147662    2.0531062996    1.0316104409    1.0214958587    2.0531688271    1.0314516432    1.0217171839
  148    592.00  -85.5861665452  -85.5943198506   -1.8748673507      -45.9039    0.1550928100    0.1468030188   101.0   101.0    0.0218854433   -0.9263587677   -0.0236252347    2.2213117897    1.1162398658    1.1050719239    2.2219155700    1.1161144880    1.1058010819
  149    596.00  -85.5835768966  -85.5938166786    1.7473599776       42.3021    0.1548841096    0.1442190808   101.0   101.0   -0.0203976164   -0.9268757788    0.0220068502   -2.0700446261   -1.0403562489   -1.0296883772   -2.0711013669   -1.0402383083   -1.0308630587
  150    600.00  -85.5840044522  -85.5962379002   -1.6477194333      -40.4083    0.1578012379    0.1452146003   101.0   101.0    0.0192339307   -0.9261602097   -0.0207673904    1.9518847568    0.9810047211    0.9708800357    1.9530189787    0.9808896946    0.9721292841
  151    604.00  -85.5891402771  -85.6015686588    1.5791180683       39.4397    0.1605077380    0.1478148368   101.0   101.0   -0.0184317093    0.9211140869   -0.0200102349   -1.8706878438   -0.9400652648   -0.9306225790   -1.8713480429   -0.9399960853   -0.9313519575
  152    608.00  -85.6004361033  -85.6130407953   -1.3385905911      -33.2906    0.1597548742    0.1469462835   101.0   101.0    0.0156222186   -0.9197334713   -0.0169855932    1.5858811253    0.7967788781    0.7891022472    1.5857575579    0.7967123963    0.7890451617
  153    612.00  -85.6135574510  -85.6247750361   -0.9007132540      -22.0400    0.1578059387    0.1460397649   101.0   101.0    0.0105105356    0.9177936723    0.0114519591    1.0669927194    0.5360618541    0.5309308653    1.0667903755    0.5360292592    0.5307611163
  154    616.00  -85.5950562633  -85.6061446362    0.6127888200       14.8290    0.1577423949    0.1457367874   101.0   101.0   -0.0071523314    0.9180333953   -0.0077909273   -0.7259962620   -0.3647809403   -0.3612153218   -0.7259558768   -0.3647673339   -0.3611885430
  155    620.00  -85.5831338413  -85.5950773382   -0.4857641021      -11.7748    0.1594181163    0.1467008825   101.0   101.0    0.0056704809   -0.9157117743   -0.0061924298    0.5754708763    0.2892129772    0.2862578992    0.5756269713    0.2891868785    0.2864400928
  156    624.00  -85.5948469369  -85.6039531661   -0.3604236581       -8.7145    0.1603160802    0.1500013420   101.0   101.0    0.0042068450   -0.9087121051   -0.0046294585    0.4267980285    0.2145582469    0.2122397816    0.4271235492    0.2145478373    0.2125757119
  157    628.00  -85.5975114042  -85.6047553184    0.1207010198        2.5740    0.1577264805    0.1494674850   101.0   101.0   -0.0014089349    0.9058958885   -0.0015552945   -0.1428298491   -0.0718577038   -0.0709721453   -0.1430116019   -0.0718563112   -0.0711552907
  158    632.00  -85.6006624937  -85.6074305207    0.0460029089        0.7565    0.1538383711    0.1458023939   101.0   101.0   -0.0005370670    0.9178521954   -0.0005851345   -0.0544164672   -0.0273913823   -0.0270250849   -0.0544429155   -0.0273903924   -0.0270525231
  159    636.00  -85.5973718183  -85.6049096234    0.2774552247        6.4810    0.1540715165    0.1451017823   101.0   101.0   -0.0032384738    0.9246551788   -0.0035023584   -0.3286912620   -0.1651653085   -0.1635259536   -0.3286640573   -0.1651634042   -0.1635006531
  160    640.00  -85.5953533872  -85.6041953480   -0.6405447297      -15.7409    0.1574487640    0.1479975163   101.0   101.0    0.0074762611   -0.9269226991   -0.0080656792    0.7588705474    0.3813065562    0.3775639912    0.7589107981    0.3812826455    0.3776281526
  161    644.00  -85.5895044178  -85.5963566277    0.8923970854       22.8116    0.1609469225    0.1540164331   101.0   101.0   -0.0104162665    0.9280448013   -0.0112238833   -1.0573789022   -0.5312620120   -0.5261168902   -1.0573527977   -0.5312126304   -0.5261401673
  162    648.00  -85.5855068568  -85.5903410521   -1.0201285154      -26.3438    0.1616796184    0.1565498814   101.0   101.0    0.0119077593   -0.9335459258   -0.0127554082    1.2088145018    0.6073304947    0.6014840071    1.2087201279    0.6072773189    0.6014428090
  163    652.00  -85.5925493001  -85.5979701427    1.2487950905       31.2401    0.1576124341    0.1517112708   101.0   101.0   -0.0145761231   -0.9390496033    0.0155222078   -1.4796852346   -0.7434291734   -0.7362560612   -1.4795346987   -0.7433551107   -0.7361795879
  164    656.00  -85.5905546471  -85.5951313873   -1.5275301733      -37.1900    0.1533467814    0.1481444701   101.0   101.0    0.0178305033    0.9369149655    0.0190310796    1.8100445270    0.9094171207    0.9006274063    1.8098463226    0.9093204868    0.9005258359
  165    660.00  -85.5975456879  -85.6030433779   -1.5879929914      -39.1179    0.1550129066    0.1492434997   101.0   101.0    0.0185344624   -0.9353150386   -0.0198162775    1.8816098240    0.9453075581    0.9363022659    1.8812438888    0.9452320699    0.9360118189
  166    664.00  -85.5893541811  -85.5940600408   -1.3137694994      -33.2560    0.1582618428    0.1535968137   101.0   101.0    0.0153349829   -0.9297555861   -0.0164935636    1.5570348652    0.7821307625    0.7749041026    1.5562961341    0.7820614476    0.7742346865
  167    668.00  -85.5869064012  -85.5879227951    1.2420643610       31.9504    0.1587307981    0.1575897351   101.0   101.0   -0.0144985126   -0.9295350777    0.0155975959   -1.4721856551   -0.7394555092   -0.7327301459   -1.4713585698   -0.7394135474   -0.7319450225
