# frame=5, time_fs=5.000000, coordinates in Angstrom
        8.1982223491        12.5740157561        19.8654584819
        7.2436193920        12.5467195701        20.9157782547
        9.4806838502        11.9028792097        20.0754424979
        7.9432552399        13.2284308148        18.6519853557
        7.4691338922        11.9143209182        22.1271499661
        6.2672195562        13.0848593763        20.7674115129
        9.6828657838        11.2231805590        21.3259295915
       10.4628650997        11.9729657302        19.0531658117
        8.9190822837        13.2344948396        17.6334512467
        6.9605970843        13.7419642862        18.4679914592
        6.4721847035        11.9469685455        23.1383886738
        8.7238980006        11.2128279122        22.3786878935
       10.6076144206        10.7318259957        21.4952781819
       11.4526213335        11.5124177855        19.2264406764
       10.2144722291        12.6046366588        17.8102789356
        8.7327073894        13.9020058906        16.3915333226
        6.6966303286        11.3972245294        24.3522978284
        5.4799177737        12.4313597754        22.8847856674
        8.9094260712        10.5929923289        23.6812581772
       11.2102177977        12.6700873495        16.7896383652
        9.6883958756        13.9688433939        15.3669351888
        7.7521869842        14.3960573703        16.2384187159
        7.9302798620        10.7092796933        24.6387967561
        5.9635348513        11.3907234669        25.1314180223
        9.8208839160        10.0633681979        23.8893709046
       12.1283472809        12.1961507083        17.0063858682
       10.9515328397        13.2923816486        15.5466344074
        9.4633476835        14.6483623847        14.0965926533
        7.9916120020        10.2691069928        25.6613661466
       11.8348577681        13.2390892871        14.4116110690
       10.3853549936        14.6540569965        13.0815296131
        8.4981887006        15.1646331456        13.9423768730
       11.5550213949        13.8605842008        13.2192530224
       12.7851393001        12.6949591369        14.5421309256
       10.2105610946        15.1987664994        12.1532241149
       12.2995520200        13.8148789356        12.3760649131
       13.5406735867         9.5643528577        17.6997639010
       14.5614958355        10.1668310785        16.9225806019
       12.3659030287         9.0322387219        17.0387650151
       13.6750702607         9.4810512445        19.0955857239
       14.4391555490        10.2828974007        15.5557516404
       15.4411690259        10.5673211561        17.4148475949
       12.2332474403         9.1479527896        15.6340449827
       11.3306807397         8.4399440859        17.8160542934
       12.6761513743         8.8327678353        19.8624587679
       14.5283889653         9.8862367022        19.5754309539
       15.4751267572        10.8993678943        14.7547906622
       13.2248820281         9.8036436352        14.8927674121
       11.3875259252         8.8118364529        15.1535507568
       10.4336461495         8.0796957971        17.2991850027
       11.5007096152         8.3126934331        19.2061451688
       12.8655643369         8.7572713326        21.2544068014
       15.2640133064        11.1709651473        13.4430980990
       16.3752953016        11.1819637622        15.2357693642
       13.0893004064        10.0755800214        13.4977288254
       10.5469408652         7.6878727935        20.0392420465
       11.8560081740         8.2422692933        22.0699656474
       13.7765134819         9.1521959921        21.7168997155
       14.0325741948        10.7892505338        12.8050785160
       16.0197373462        11.6956425764        12.8750822719
       12.1977716843         9.7299851133        13.0255039994
        9.6414612525         7.2385187680        19.5717267310
       10.7185301571         7.6816033711        21.4075173707
       11.9800380707         8.2055121991        23.4926940569
       13.8731765398        11.0240972533        11.7543257428
        9.7104637580         7.1110334470        22.2190167115
       10.9914294394         7.6370371292        24.2484564510
       12.8931179008         8.5988153779        23.9251635887
        9.8391375591         7.1187300550        23.6279496665
        8.8008852764         6.6702384977        21.7369186681
       11.0806477159         7.5797720644        25.3050400949
        9.0002168760         6.6660124538        24.2045205325
