           8
 F F F F T          72           2   203.99999999999997       0.99999999999999034     
   1.1891051578084024        2.7684489570690718        0.0000000000000000        0.0000000000000000     
   1.2343744127465470        2.9559762273642294        0.0000000000000000        0.0000000000000000     
   1.1800600096114209        2.7575572971769233        0.0000000000000000        0.0000000000000000     
   1.2379657795299206        2.9645909800154255        0.0000000000000000        0.0000000000000000     
   1.1819623380513915        2.7851012291719481        0.0000000000000000        0.0000000000000000     
  0.89210880894561384     
   1.2396205683894093        2.9923478765220062        0.0000000000000000        0.0000000000000000     
   1.2255627066218477        3.0145365785566871        0.0000000000000000        0.0000000000000000     
   1.1752171305593364        2.7665232639512998        0.0000000000000000        0.0000000000000000     
  0.90019520862067193     
   1.2365658472977170        2.8932397310784372        0.0000000000000000        0.0000000000000000     
   1.1661088018001755        2.7818758559346577        0.0000000000000000        0.0000000000000000     
  0.95161738308412513     
  0.93619839450262088     
   1.1799961106151386        2.7526808410741346        0.0000000000000000        0.0000000000000000     
   1.2397988991614777        2.9700010542679114        0.0000000000000000        0.0000000000000000     
   1.2168181219894363        2.8858117698903802        0.0000000000000000        0.0000000000000000     
  0.89188720010131584     
   1.2361771681441007        2.9395974505570974        0.0000000000000000        0.0000000000000000     
   1.2397009687839635        3.0210240363138743        0.0000000000000000        0.0000000000000000     
   1.1649136684516164        2.7749369956725847        0.0000000000000000        0.0000000000000000     
  0.90634175309056630     
   1.2179250113755080        2.8896906722939013        0.0000000000000000        0.0000000000000000     
  0.95197843580270414     
  0.94248867660243629     
  0.93275634540625130     
   1.1780281258923226        2.7522863512036668        0.0000000000000000        0.0000000000000000     
   1.2359167408491070        2.9010495141005288        0.0000000000000000        0.0000000000000000     
  0.96256218550040740     
   1.2552238664931687        2.9473176234854197        0.0000000000000000        0.0000000000000000     
   1.2125017348905960        2.9099488175871491        0.0000000000000000        0.0000000000000000     
  0.92092560698832260     
   1.2390990008347762        2.8961192918185379        0.0000000000000000        0.0000000000000000     
  0.91338938224337674     
  0.94147278364746878     
  0.95277706745852186     
   1.1824565395376938        2.7864397645978158        0.0000000000000000        0.0000000000000000     
   1.2454459030898248        2.8171254849290808        0.0000000000000000        0.0000000000000000     
   1.1798522846266244        2.7783543877684620        0.0000000000000000        0.0000000000000000     
   1.2373596936018791        2.8154879381912048        0.0000000000000000        0.0000000000000000     
   1.1931532259375199        2.7584580674037760        0.0000000000000000        0.0000000000000000     
  0.88260434987396730     
   1.2512803565523600        2.8063916085184344        0.0000000000000000        0.0000000000000000     
   1.2422857571599577        2.7890304687592105        0.0000000000000000        0.0000000000000000     
   1.1855712769573554        2.7908706418705815        0.0000000000000000        0.0000000000000000     
  0.88477253143215107     
   1.2505411345981512        2.8176275830407809        0.0000000000000000        0.0000000000000000     
   1.1764626053097360        2.7518949574681280        0.0000000000000000        0.0000000000000000     
  0.89669779902238256     
  0.88678860643796664     
   1.1895408186362850        2.7728656268703471        0.0000000000000000        0.0000000000000000     
   1.2562978447719906        2.8047839839982385        0.0000000000000000        0.0000000000000000     
   1.2379259407576060        2.8151249149435178        0.0000000000000000        0.0000000000000000     
  0.87431088140534019     
   1.2365186102466899        2.8442208183122126        0.0000000000000000        0.0000000000000000     
   1.2538036023517947        2.7991259345746169        0.0000000000000000        0.0000000000000000     
   1.1923944490178051        2.7623013051058720        0.0000000000000000        0.0000000000000000     
  0.89270672511834059     
   1.2484403163761391        2.8244832765171575        0.0000000000000000        0.0000000000000000     
  0.90447440387982558     
  0.90919070640723143     
  0.86865943943240387     
   1.1881414111493473        2.7681205337826826        0.0000000000000000        0.0000000000000000     
   1.2203478044362732        2.8544569185455564        0.0000000000000000        0.0000000000000000     
  0.91380618971306937     
   1.2366419828980431        2.8164817690891848        0.0000000000000000        0.0000000000000000     
   1.2065622514389551        2.8386986373140353        0.0000000000000000        0.0000000000000000     
  0.90283391269809754     
   1.2273997575195379        2.8248365344677433        0.0000000000000000        0.0000000000000000     
  0.89711824029462628     
  0.91136795708972196     
  0.89905971715700606     
  -7.7740070158149877E-005  -2.9298943882594131E-004   0.0000000000000000        0.0000000000000000     
   1.0503247599591425E-004   2.1075887237818058E-003   0.0000000000000000        0.0000000000000000     
  -5.7421587727146672E-005  -1.6936531602995686E-004   0.0000000000000000        0.0000000000000000     
   1.4416395651406511E-004   2.7381648394539937E-003   0.0000000000000000        0.0000000000000000     
  -4.6254216981900242E-005  -1.2814769688063166E-005   0.0000000000000000        0.0000000000000000     
  -1.1711518960844103E-004
   1.3316144783370731E-004   2.0845098682062968E-003   0.0000000000000000        0.0000000000000000     
   1.0762334444014421E-004   1.9857090766266516E-003   0.0000000000000000        0.0000000000000000     
  -8.0659021272744269E-005  -3.1964660012206991E-004   0.0000000000000000        0.0000000000000000     
  -1.5832837704843339E-004
   5.0803243898167594E-005   1.1530984942926814E-003   0.0000000000000000        0.0000000000000000     
  -2.8360313990338781E-005   1.9589997649527291E-004   0.0000000000000000        0.0000000000000000     
  -1.3682106490076062E-004
  -1.0534009096330177E-004
  -6.1867796392389707E-005  -2.2182552184668580E-004   0.0000000000000000        0.0000000000000000     
   1.3301785753538908E-004   2.5404366550909607E-003   0.0000000000000000        0.0000000000000000     
  -1.1707478316580477E-005   2.9783870865252027E-004   0.0000000000000000        0.0000000000000000     
  -6.2969105141807979E-005
   2.7329567603429084E-005   8.5855315161120771E-004   0.0000000000000000        0.0000000000000000     
   1.1293477287810383E-004   2.0911229028088840E-003   0.0000000000000000        0.0000000000000000     
  -5.3535548681704626E-005  -4.3694797772886318E-005   0.0000000000000000        0.0000000000000000     
  -1.4439885796524443E-004
   2.1077677213376944E-005   7.8594660713582343E-004   0.0000000000000000        0.0000000000000000     
  -1.5776748205520441E-005
  -5.1989434102339693E-005
  -1.1404507649181994E-004
  -4.1514256559072038E-005   1.3354779526375538E-004   0.0000000000000000        0.0000000000000000     
   5.5027734563672936E-005   1.2428246911855290E-003   0.0000000000000000        0.0000000000000000     
  -4.7710092851538377E-005
   7.0248033705144763E-005   1.4566536022480037E-003   0.0000000000000000        0.0000000000000000     
  -1.0448122693018647E-005   3.9021041322895300E-004   0.0000000000000000        0.0000000000000000     
  -7.1509399001912222E-005
   2.3669936266346170E-005   8.3217124034673517E-004   0.0000000000000000        0.0000000000000000     
  -7.4291794169178971E-005
  -1.6552751442522329E-005
  -2.5839637583735531E-005
  -3.5722416576038363E-003  -9.9976443688789551E-003   0.0000000000000000        0.0000000000000000     
   5.2089003340540785E-003  0.10950753953246561        0.0000000000000000        0.0000000000000000     
  -4.0972395708420706E-003  -1.3485752900954662E-002   0.0000000000000000        0.0000000000000000     
   6.8515250994074517E-003  0.13237395921466444        0.0000000000000000        0.0000000000000000     
  -1.6995926453871046E-003   9.5238701509550161E-003   0.0000000000000000        0.0000000000000000     
  -6.3284404156130902E-003
   5.7700997692777811E-003  0.12087171190474510        0.0000000000000000        0.0000000000000000     
   8.2878484913453399E-003  0.16029079098109866        0.0000000000000000        0.0000000000000000     
  -3.7292325581488317E-003  -1.5099060992481927E-002   0.0000000000000000        0.0000000000000000     
  -7.4829531536079186E-003
   1.4287608900744875E-003   3.8801403975339710E-002   0.0000000000000000        0.0000000000000000     
  -1.7581732525857596E-003   1.0350704199820093E-002   0.0000000000000000        0.0000000000000000     
  -7.3885535041222639E-003
  -8.8810747816521207E-003
  -4.9060699982435008E-003  -1.9507619855042790E-002   0.0000000000000000        0.0000000000000000     
   6.2034971564681740E-003  0.11949525029187047        0.0000000000000000        0.0000000000000000     
   3.2940703690687023E-004   2.4993913933070822E-002   0.0000000000000000        0.0000000000000000     
  -2.1723247485953001E-003
   1.2997608857459042E-003   3.3693299155362677E-002   0.0000000000000000        0.0000000000000000     
   7.3353948935344082E-003  0.14695984115992156        0.0000000000000000        0.0000000000000000     
  -2.1176839362111455E-003   4.7007359879502886E-004   0.0000000000000000        0.0000000000000000     
  -7.1046048531817618E-003
   6.4027457529780563E-004   2.7533791185691658E-002   0.0000000000000000        0.0000000000000000     
  -1.4844496710765265E-003
  -1.8427541049050866E-003
  -8.1202607021811923E-003
  -2.5114319549284225E-003   1.8556170719832288E-003   0.0000000000000000        0.0000000000000000     
   1.9154131245699979E-003   4.5029278738832446E-002   0.0000000000000000        0.0000000000000000     
  -1.5612296133109549E-003
   1.4337809217803699E-003   4.1950806087232007E-002   0.0000000000000000        0.0000000000000000     
  -4.3390482590144330E-004   1.5146233372708817E-002   0.0000000000000000        0.0000000000000000     
  -2.6067582146895862E-003
   1.0076374876111238E-003   3.7479885109416688E-002   0.0000000000000000        0.0000000000000000     
  -2.5123153738630943E-003
  -7.4937819537346240E-004
  -2.0953587990159006E-003
 0 0
