           8
 F F F F T          72           2   203.00000000000003        1.0000000010492172     
   1.1813395032431688        2.7990630375250936        0.0000000000000000        0.0000000000000000     
   1.2463482566043305        2.8060934611452337        0.0000000000000000        0.0000000000000000     
   1.1821249250718047        2.7888955488848923        0.0000000000000000        0.0000000000000000     
   1.2385828148171569        2.7951041745029306        0.0000000000000000        0.0000000000000000     
   1.1777426692426651        2.7739137229071362        0.0000000000000000        0.0000000000000000     
  0.87872115310983134     
   1.2596125903869990        2.8116514645673210        0.0000000000000000        0.0000000000000000     
   1.2490922728837526        2.8011590912348332        0.0000000000000000        0.0000000000000000     
   1.1868515999853226        2.7947205419398440        0.0000000000000000        0.0000000000000000     
  0.87564622644376033     
   1.2170679167599268        2.8356184177603283        0.0000000000000000        0.0000000000000000     
   1.1979958368209820        2.7613031187926778        0.0000000000000000        0.0000000000000000     
  0.88394957320356382     
  0.88287965126661083     
   1.1898675288840130        2.7931596926787563        0.0000000000000000        0.0000000000000000     
   1.2547058539737610        2.8038574887348409        0.0000000000000000        0.0000000000000000     
   1.2328413102740794        2.8271303302155952        0.0000000000000000        0.0000000000000000     
  0.88069305251416863     
   1.2361283342648741        2.8442361286330886        0.0000000000000000        0.0000000000000000     
   1.2520986884337768        2.8130246604058637        0.0000000000000000        0.0000000000000000     
   1.1898851891746185        2.7677011435163053        0.0000000000000000        0.0000000000000000     
  0.87571538199454935     
   1.2427287209925748        2.8243305434945225        0.0000000000000000        0.0000000000000000     
  0.89934324126316789     
  0.88882171082106154     
  0.88945394599802774     
   1.1832715427031544        2.7677603471137786        0.0000000000000000        0.0000000000000000     
   1.2410932394474465        2.8366678456679253        0.0000000000000000        0.0000000000000000     
  0.89351064680861070     
   1.2372409635613342        2.8423357966408629        0.0000000000000000        0.0000000000000000     
   1.2226744828788725        2.8279161974911062        0.0000000000000000        0.0000000000000000     
  0.88789535240330442     
   1.2255414668727282        2.8230825021838886        0.0000000000000000        0.0000000000000000     
  0.88496787697743051     
  0.89993620946111075     
  0.89499748049055239     
   1.1753177341075418        2.7845863027753124        0.0000000000000000        0.0000000000000000     
   1.2372560321653121        2.8831587104467991        0.0000000000000000        0.0000000000000000     
   1.1759810245893558        2.7830988644780006        0.0000000000000000        0.0000000000000000     
   1.2593997119229154        2.8839492073506214        0.0000000000000000        0.0000000000000000     
   1.1897612989596398        2.7867608413940164        0.0000000000000000        0.0000000000000000     
  0.88546183208880480     
   1.2334839227906971        2.9182203504968647        0.0000000000000000        0.0000000000000000     
   1.2567581312427167        2.9209090581754116        0.0000000000000000        0.0000000000000000     
   1.1773435652898114        2.7856599835352522        0.0000000000000000        0.0000000000000000     
  0.88215904270358569     
   1.2322206270984757        2.8461318019988378        0.0000000000000000        0.0000000000000000     
   1.1769123901476171        2.7876466170167182        0.0000000000000000        0.0000000000000000     
  0.90363045240770901     
  0.88398779536312988     
   1.1701514542038294        2.7820621109366659        0.0000000000000000        0.0000000000000000     
   1.2474685232429565        2.8967835869359986        0.0000000000000000        0.0000000000000000     
   1.2180045671085340        2.8751954707953953        0.0000000000000000        0.0000000000000000     
  0.88805185010700893     
   1.2187248549056453        2.8920817045847729        0.0000000000000000        0.0000000000000000     
   1.2373199847665932        2.9187980438836498        0.0000000000000000        0.0000000000000000     
   1.1777823050592962        2.7825031243978051        0.0000000000000000        0.0000000000000000     
  0.88793584834059613     
   1.2249314052855724        2.8694969154980949        0.0000000000000000        0.0000000000000000     
  0.90937047822361028     
  0.93233627298157917     
  0.88419660316390902     
   1.1788608959681524        2.7805351488224206        0.0000000000000000        0.0000000000000000     
   1.2268633628840147        2.8799535069689788        0.0000000000000000        0.0000000000000000     
  0.91738877794707596     
   1.2749838709776731        2.8674201592360173        0.0000000000000000        0.0000000000000000     
   1.2135654667589280        2.8671755474008238        0.0000000000000000        0.0000000000000000     
  0.90843742752517309     
   1.2414177963410697        2.8713021437136419        0.0000000000000000        0.0000000000000000     
  0.87986462523781173     
  0.91625046629604023     
  0.91289793488559989     
  -3.7458059960335799E-003  -1.3863682093557372E-002   0.0000000000000000        0.0000000000000000     
   5.6901055023730329E-003  0.11969971668447199        0.0000000000000000        0.0000000000000000     
  -4.5984780117083179E-003  -1.7893613791248875E-002   0.0000000000000000        0.0000000000000000     
   6.6246631967508129E-003  0.13315402657528974        0.0000000000000000        0.0000000000000000     
  -1.9035498418917829E-003   5.5630133283877115E-003   0.0000000000000000        0.0000000000000000     
  -6.7707644567880365E-003
   6.8489631431407627E-003  0.14013526155624945        0.0000000000000000        0.0000000000000000     
   8.0363274507282423E-003  0.16065565798122705        0.0000000000000000        0.0000000000000000     
  -3.7643201272163918E-003  -1.3839744300444323E-002   0.0000000000000000        0.0000000000000000     
  -7.5307001806383944E-003
   1.2176256010096864E-003   3.6618108896683932E-002   0.0000000000000000        0.0000000000000000     
  -2.4416869501799887E-003   3.4341715675161311E-003   0.0000000000000000        0.0000000000000000     
  -8.2467387467114461E-003
  -9.2592321961298962E-003
  -4.5390900269590695E-003  -1.7637339780463002E-002   0.0000000000000000        0.0000000000000000     
   5.7910827015603683E-003  0.11976370348705156        0.0000000000000000        0.0000000000000000     
   6.1803937447502122E-004   3.1380311947096118E-002   0.0000000000000000        0.0000000000000000     
  -2.0514397747359858E-003
   1.6189168851268310E-003   4.2766035012053560E-002   0.0000000000000000        0.0000000000000000     
   6.4190735581937108E-003  0.13095604875091205        0.0000000000000000        0.0000000000000000     
  -1.9398986971608245E-003   6.0255612121773439E-003   0.0000000000000000        0.0000000000000000     
  -6.8344616510782608E-003
   2.1783064123415130E-004   2.6166044862363957E-002   0.0000000000000000        0.0000000000000000     
  -1.7918707872165429E-003
  -2.4889622807612310E-003
  -7.7008258671575902E-003
  -2.4324637089030432E-003   1.5824319781252427E-003   0.0000000000000000        0.0000000000000000     
   1.6206703157259916E-003   4.3094534501802340E-002   0.0000000000000000        0.0000000000000000     
  -1.4630608603809492E-003
   1.8162326630597470E-003   4.6208779222911112E-002   0.0000000000000000        0.0000000000000000     
   3.3026648122014279E-004   2.6760081164090010E-002   0.0000000000000000        0.0000000000000000     
  -2.4723928218818303E-003
   1.6444741920573769E-004   2.4629897448422255E-002   0.0000000000000000        0.0000000000000000     
  -2.6337446353399407E-003
  -1.4861842144434645E-003
  -1.3261156619440717E-003
  -3.3730109515239803E-005  -1.5298458283385941E-004   0.0000000000000000        0.0000000000000000     
   3.9346007273399763E-005   7.5473292620475974E-004   0.0000000000000000        0.0000000000000000     
   1.9271137050580478E-006   6.3273729711266213E-005   0.0000000000000000        0.0000000000000000     
   6.3195631522683371E-005   1.2455529082306960E-003   0.0000000000000000        0.0000000000000000     
  -2.3845253468657290E-005  -1.0107995380881363E-004   0.0000000000000000        0.0000000000000000     
  -4.3840841964626343E-005
  -3.0839731424148198E-006   3.1065468981239519E-005   0.0000000000000000        0.0000000000000000     
   8.4969303073556546E-006   1.9681045621000592E-004   0.0000000000000000        0.0000000000000000     
  -3.2246842112559904E-005  -1.1264485286321957E-004   0.0000000000000000        0.0000000000000000     
  -7.3275233640979209E-005
   2.0688764826859440E-005   3.8975224759063565E-004   0.0000000000000000        0.0000000000000000     
   1.3382122371563554E-005   2.7229765901370939E-004   0.0000000000000000        0.0000000000000000     
  -1.5255285771287319E-006
  -1.1490462216379171E-005
  -3.0558751697995490E-006  -1.0212264123232728E-006   0.0000000000000000        0.0000000000000000     
   4.1520424966412506E-005   8.6253158601756752E-004   0.0000000000000000        0.0000000000000000     
  -1.5760721034485670E-005  -6.2891262209152643E-005   0.0000000000000000        0.0000000000000000     
  -2.3392732120597337E-005
  -1.4280038337588508E-005  -6.4989426471928624E-005   0.0000000000000000        0.0000000000000000     
   7.2278700813388497E-006   1.7688930775516809E-004   0.0000000000000000        0.0000000000000000     
  -1.5457653912864799E-005   4.7655293280879363E-005   0.0000000000000000        0.0000000000000000     
  -4.9814393827452008E-005
   2.8529278544686676E-005   5.5004366650202030E-004   0.0000000000000000        0.0000000000000000     
   4.4827742988751140E-006
   4.7674836575195556E-006
  -1.0064855953784146E-005
  -2.8773477178667406E-007   1.1703290687359313E-004   0.0000000000000000        0.0000000000000000     
   1.2907969208164616E-005   3.3488308048923443E-004   0.0000000000000000        0.0000000000000000     
  -3.1901923481791883E-005
   2.9396713372431549E-006   1.8364336149589988E-004   0.0000000000000000        0.0000000000000000     
  -6.6086495964512437E-007   1.7802474427019988E-004   0.0000000000000000        0.0000000000000000     
  -1.9464117981149442E-005
   1.0621272811928151E-005   3.2653215133349178E-004   0.0000000000000000        0.0000000000000000     
  -1.0688655033397332E-005
  -9.8252440287049936E-006
  -1.8913049467550458E-005
 0 0
