Run semi-empirical minimization
 &qmmm
    qm_theory='AM1', grms_tol=0.0005,
 scfconv=1.d-10, ndiis_attempts=700,   qmcharge=0,
 /
   6    C1        7.7840        9.4380        5.6780 
   6    C2        6.8000        9.4430        6.6970 
   6    C3        9.0280        8.7090        5.9100 
   6    C4        7.6140       10.1180        4.4650 
   6    C5        6.9950        8.7840        7.8980 
   1    H6        5.9850        9.9100        6.5520 
   6    C7        9.1990        8.0320        7.1340 
   6    C8       10.0040        8.7040        4.9060 
   6    C9        8.5890       10.1130        3.4610 
   1   H10        6.8000       10.5900        4.3340 
   6   C11        6.0110        8.8000        8.9350 
   6   C12        8.2260        8.0590        8.1240 
   1   H13       10.0000        7.5450        7.2860 
   1   H14       10.8180        8.2310        5.0370 
   6   C15        9.8330        9.3840        3.6930 
   6   C16        8.4190       10.7900        2.2370 
   6   C17        6.2220        8.1570       10.1070 
   1   H18        5.1960        9.2690        8.7990 
   6   C19        8.3980        7.3990        9.3780 
   6   C20       10.8180        9.3790        2.6740 
   6   C21        9.3910       10.7620        1.2470 
   1   H22        7.6180       11.2770        2.0850 
   6   C23        7.4400        7.4420       10.3360 
   1   H24        5.5560        8.1800       10.7840 
   1   H25        9.2000        6.9180        9.5440 
   1   H26       11.6320        8.9110        2.8190 
   6   C27       10.6220       10.0380        1.4740 
   6   C28        9.2200       11.4220       -0.0070 
   1   H29        7.5790        6.9970       11.1640 
   6   C30       11.6060       10.0210        0.4360 
   6   C31       10.1770       11.3790       -0.9650 
   1   H32        8.4170       11.9030       -0.1720 
   6   C33       11.3950       10.6650       -0.7360 
   1   H34       12.4210        9.5520        0.5730 
   1   H35       10.0390       11.8240       -1.7930 
   1   H36       12.0620       10.6420       -1.4120 

