           8
 F F F F T          72           2   204.00000000000003        1.0000000000000075     
   1.1709165957986334        2.7678397924486347        0.0000000000000000        0.0000000000000000     
   1.2396802682770469        2.9817698959251198        0.0000000000000000        0.0000000000000000     
   1.1736521472548282        2.7462626806118626        0.0000000000000000        0.0000000000000000     
   1.2360698398156282        2.9764813466156861        0.0000000000000000        0.0000000000000000     
   1.1701129425385517        2.7707846791757724        0.0000000000000000        0.0000000000000000     
  0.88476354031278293     
   1.2373602936112444        3.0274939802440946        0.0000000000000000        0.0000000000000000     
   1.2375856159594021        3.0365384909056443        0.0000000000000000        0.0000000000000000     
   1.1844539158522980        2.7602159457244886        0.0000000000000000        0.0000000000000000     
  0.89745467401703216     
   1.2353014484635627        2.8950774215180171        0.0000000000000000        0.0000000000000000     
   1.1624457655831308        2.7681730139245069        0.0000000000000000        0.0000000000000000     
  0.93874395825868628     
  0.93382177650871911     
   1.1802570783607029        2.7415367347285780        0.0000000000000000        0.0000000000000000     
   1.2477724089029549        2.9720487109564058        0.0000000000000000        0.0000000000000000     
   1.2267718078303269        2.9103320964029598        0.0000000000000000        0.0000000000000000     
  0.89868341857156575     
   1.2336717252680167        2.9327548594344144        0.0000000000000000        0.0000000000000000     
   1.2464069083118305        3.0112374154205859        0.0000000000000000        0.0000000000000000     
   1.1736272337756768        2.7767176668009714        0.0000000000000000        0.0000000000000000     
  0.88787127807340815     
   1.2257696100804067        2.9008891759686750        0.0000000000000000        0.0000000000000000     
  0.94689618836247336     
  0.94761683547215880     
  0.94410384113918000     
   1.1569919869167655        2.7600775712172410        0.0000000000000000        0.0000000000000000     
   1.2407034336835330        2.8920443465793220        0.0000000000000000        0.0000000000000000     
  0.94776605115300527     
   1.2351201063081456        2.9451442137182795        0.0000000000000000        0.0000000000000000     
   1.2212233590362511        2.9113248469730344        0.0000000000000000        0.0000000000000000     
  0.91502967858753403     
   1.2264710306855193        2.8995997125384863        0.0000000000000000        0.0000000000000000     
  0.92077974318534561     
  0.93418288369378533     
  0.95546977502564090     
   1.1910774905440413        2.7675573571064982        0.0000000000000000        0.0000000000000000     
   1.2426187955503578        2.8167778149000444        0.0000000000000000        0.0000000000000000     
   1.1681890744717978        2.7811538342755995        0.0000000000000000        0.0000000000000000     
   1.2767102449769476        2.7861293264237461        0.0000000000000000        0.0000000000000000     
   1.1896944611185618        2.7523678369510076        0.0000000000000000        0.0000000000000000     
  0.88119527340369208     
   1.2462272024405896        2.8046909528089188        0.0000000000000000        0.0000000000000000     
   1.2612850208307533        2.7743163894063132        0.0000000000000000        0.0000000000000000     
   1.1887724716280887        2.7755030101004037        0.0000000000000000        0.0000000000000000     
  0.87602904790188596     
   1.2544989939728928        2.8300576832945969        0.0000000000000000        0.0000000000000000     
   1.1794482735061385        2.7701718738453032        0.0000000000000000        0.0000000000000000     
  0.89047835901874872     
  0.88688008497035975     
   1.1913489862072923        2.7759742202569129        0.0000000000000000        0.0000000000000000     
   1.2585672191152275        2.7927607673424237        0.0000000000000000        0.0000000000000000     
   1.2397692782306593        2.8273150250278540        0.0000000000000000        0.0000000000000000     
  0.87420830555572981     
   1.2353598545210471        2.8406934685529523        0.0000000000000000        0.0000000000000000     
   1.2421609590110878        2.8006879070575659        0.0000000000000000        0.0000000000000000     
   1.2037363797366663        2.7596808475895140        0.0000000000000000        0.0000000000000000     
  0.88963110465834294     
   1.2348804868721674        2.8309072638098693        0.0000000000000000        0.0000000000000000     
  0.90723580452889108     
  0.91711279760118791     
  0.87750349515730930     
   1.1913918419548466        2.7503425610447660        0.0000000000000000        0.0000000000000000     
   1.2332775889294658        2.8162720378199269        0.0000000000000000        0.0000000000000000     
  0.89982792380502397     
   1.2110099563745762        2.8396043420748267        0.0000000000000000        0.0000000000000000     
   1.2466153527466106        2.8573882383623586        0.0000000000000000        0.0000000000000000     
  0.92125615145422279     
   1.2161286196208207        2.8320524739975701        0.0000000000000000        0.0000000000000000     
  0.89530425789009593     
  0.87608511162570313     
  0.92218473551065061     
  -2.6423901516656745E-003  -9.9058752454133092E-003   0.0000000000000000        0.0000000000000000     
   3.9896425806000835E-003   8.0715548609338938E-002   0.0000000000000000        0.0000000000000000     
  -1.6088526537954007E-003  -5.0938821300396953E-003   0.0000000000000000        0.0000000000000000     
   4.5157986941550821E-003   8.8644668064734145E-002   0.0000000000000000        0.0000000000000000     
  -1.7197804038400211E-003  -2.2846607854924983E-003   0.0000000000000000        0.0000000000000000     
  -4.4507259389902076E-003
   2.6977758607049651E-003   5.6490599792839991E-002   0.0000000000000000        0.0000000000000000     
   2.9958778656089535E-003   5.9872692977280817E-002   0.0000000000000000        0.0000000000000000     
  -2.5366385443974515E-003  -1.0535397177305672E-002   0.0000000000000000        0.0000000000000000     
  -5.0501911204501315E-003
   1.5960474595955176E-003   3.5251667045506974E-002   0.0000000000000000        0.0000000000000000     
  -8.3709460199021812E-004   5.9638243059993989E-003   0.0000000000000000        0.0000000000000000     
  -3.1412605875353883E-003
  -3.4967857414723857E-003
  -1.5701637137177649E-003  -5.8966226993160120E-003   0.0000000000000000        0.0000000000000000     
   3.7189996438955486E-003   7.2788147341696696E-002   0.0000000000000000        0.0000000000000000     
  -3.9691087724302854E-004   9.2368871380781314E-003   0.0000000000000000        0.0000000000000000     
  -2.0036795134842356E-003
   8.9529124905629587E-004   2.7665406765866596E-002   0.0000000000000000        0.0000000000000000     
   2.5038940349342287E-003   5.2017204150967888E-002   0.0000000000000000        0.0000000000000000     
  -1.4998778717094652E-003  -2.8386792734611532E-003   0.0000000000000000        0.0000000000000000     
  -4.0252144421563107E-003
   7.0531016438635241E-004   2.4832440531023181E-002   0.0000000000000000        0.0000000000000000     
  -4.8887561039667737E-004
  -1.6210463941840336E-003
  -3.2060440290690995E-003
  -7.9778327073132260E-004   3.7985076391033878E-003   0.0000000000000000        0.0000000000000000     
   1.6204403750237351E-003   3.5148979804751956E-002   0.0000000000000000        0.0000000000000000     
  -1.4027882921340273E-003
   9.2704453931502506E-004   2.6675482326625310E-002   0.0000000000000000        0.0000000000000000     
  -4.5447279839816446E-004   7.4501625588472287E-003   0.0000000000000000        0.0000000000000000     
  -2.0455467473912137E-003
   7.6380911035633936E-004   2.2692399902744409E-002   0.0000000000000000        0.0000000000000000     
  -1.3072058738647918E-003
  -3.5722032419382987E-004
  -1.1680645699256864E-003
  -1.8786929705201239E-003  -7.2225045903602236E-003   0.0000000000000000        0.0000000000000000     
   2.5033441808710588E-003   4.5152219118739012E-002   0.0000000000000000        0.0000000000000000     
  -1.8453114255942982E-003  -6.9192669721798161E-003   0.0000000000000000        0.0000000000000000     
   4.6878520282638281E-003   8.5063352536734804E-002   0.0000000000000000        0.0000000000000000     
  -7.2767158468023396E-004   3.1098642671034682E-003   0.0000000000000000        0.0000000000000000     
  -2.6081430968024621E-003
   2.5191063647576062E-003   4.9152625001227968E-002   0.0000000000000000        0.0000000000000000     
   4.0222214706353565E-003   7.7495572630468690E-002   0.0000000000000000        0.0000000000000000     
  -2.2149332759908713E-003  -8.5662567609925411E-003   0.0000000000000000        0.0000000000000000     
  -4.7116307465121521E-003
   6.3189124568796551E-004   1.7214181567186237E-002   0.0000000000000000        0.0000000000000000     
  -7.3987361523286665E-004   2.8086205087971550E-003   0.0000000000000000        0.0000000000000000     
  -2.9265913891480810E-003
  -4.5676329965991247E-003
  -1.9746923070331768E-003  -6.9966470218507659E-003   0.0000000000000000        0.0000000000000000     
   2.8193054547065444E-003   5.7232602232177854E-002   0.0000000000000000        0.0000000000000000     
   1.4121647077636190E-004   1.1043368024983291E-002   0.0000000000000000        0.0000000000000000     
  -9.5796644982237833E-004
   6.3154848283386578E-004   1.4367167297510086E-002   0.0000000000000000        0.0000000000000000     
   2.6562057241865666E-003   5.5532354934929362E-002   0.0000000000000000        0.0000000000000000     
  -9.6777931225155989E-004   2.1861183354157099E-003   0.0000000000000000        0.0000000000000000     
  -3.4033206446376640E-003
   2.2211554057283145E-004   1.0409957011177529E-002   0.0000000000000000        0.0000000000000000     
  -5.8303149991767445E-004
  -8.0590393146262596E-004
  -3.1119418863307935E-003
  -8.3871388056677709E-004   5.0530935444004221E-003   0.0000000000000000        0.0000000000000000     
   5.7012373412357320E-004   1.6091046853221158E-002   0.0000000000000000        0.0000000000000000     
  -5.6487229035473430E-004
   4.8990505370616333E-004   1.5860138917663136E-002   0.0000000000000000        0.0000000000000000     
   4.1145081654225812E-004   1.3474831810943222E-002   0.0000000000000000        0.0000000000000000     
  -9.7116508235939314E-004
   1.8306125256284389E-004   1.2895256905212538E-002   0.0000000000000000        0.0000000000000000     
  -9.3649104038528996E-004
  -7.0046123368283641E-004
  -6.8104246211475594E-004
 0 0
