Run semi-empirical minimization
 &qmmm
    qm_theory='AM1', grms_tol=0.0005,
 scfconv=1.d-10, ndiis_attempts=700,   qmcharge=0,
 /
   6    C1       10.4380        3.4490        7.2950 
   6    C2        9.4460        2.8770        8.1270 
   6    C3       10.2580        3.5510        5.9070 
   6    C4       11.6680        3.9370        7.8990 
   6    C5        9.6240        2.7760        9.5020 
   1    H6        8.6400        2.5560        7.7370 
   6    C7       11.2390        4.1080        5.0770 
   1    H8        9.4450        3.2340        5.5350 
   6    C9       11.8250        3.8180        9.2910 
   6   C10       12.6490        4.4940        7.0680 
   6   C11        8.6280        2.1910       10.3650 
   6   C12       10.8490        3.2520       10.1000 
   6   C13       11.0830        4.2280        3.6850 
   6   C14       12.4700        4.5960        5.6810 
   1   H15       12.6260        4.1350        9.6910 
   1   H16       13.4630        4.8110        7.4410 
   6   C17        8.8260        2.0930       11.7000 
   1   H18        7.8180        1.8670        9.9890 
   6   C19       11.0130        3.1270       11.5230 
   1   H20       10.2810        3.9100        3.2840 
   6   C21       12.0590        4.7930        2.8750 
   6   C22       13.4620        5.1680        4.8490 
   6   C23       10.0340        2.5760       12.2850 
   1   H24        8.1580        1.7020       12.2500 
   1   H25       11.8120        3.4330       11.9350 
   6   C26       13.2830        5.2690        3.4740 
   6   C27       11.8950        4.9180        1.4530 
   1   H28       14.2670        5.4890        5.2380 
   1   H29       10.1550        2.5110       13.2250 
   6   C30       14.2790        5.8550        2.6110 
   1   H31       11.0950        4.6120        1.0410 
   6   C32       12.8740        5.4690        0.6910 
   6   C33       14.0810        5.9520        1.2760 
   1   H34       15.0890        6.1790        2.9860 
   1   H35       12.7530        5.5340       -0.2500 
   1   H36       14.7500        6.3440        0.7260 

