# Duschinsky Rotation Analysis
#
# Total reorganization energy (parallel mode): 0.0132 meV
# Total reorganization energy (cation modes):  0.0134 meV
#
# Mode comparison:
# Mode  Freq_N(cm-1)  Freq_C(cm-1)  D_N        D_C        lambda_N(meV)  lambda_C(meV)  S_N       S_C       Max_J
    8         68.76         66.27      0.0000     0.0000        0.0000         0.0000     0.0000    0.0000    1.000
    9         95.15         92.15     -0.0001    -0.0001        0.0000         0.0000     0.0000    0.0000    1.000
   10        122.80        122.45      0.0000    -0.0000        0.0000         0.0000     0.0000    0.0000    1.000
   11        144.14        140.68     -0.0006     0.0006        0.0000         0.0000     0.0000    0.0000    1.000
   12        180.81        174.67     -0.0000     0.0000        0.0000         0.0000     0.0000    0.0000    1.000
   13        232.96        229.06     -0.0000     0.0000        0.0000         0.0000     0.0000    0.0000    0.999
   14        243.01        242.55      0.0002    -0.0002        0.0000         0.0000     0.0000    0.0000    1.000
   15        269.32        267.19      0.0134    -0.0007        0.0000         0.0000     0.0000    0.0000    0.998
   16        275.48        268.04      0.0005    -0.0130        0.0000         0.0000     0.0000    0.0000    1.000
   17        338.83        335.87     -0.0001    -0.0001        0.0000         0.0000     0.0000    0.0000    0.998
   18        351.86        354.80     -0.0000     0.0000        0.0000         0.0000     0.0000    0.0000    0.996
   19        366.83        366.33     -0.0000     0.0000        0.0000         0.0000     0.0000    0.0000    1.000
   20        435.95        418.49      0.0000    -0.0000        0.0000         0.0000     0.0000    0.0000    0.987
   21        444.00        436.33      0.0003     0.0001        0.0000         0.0000     0.0000    0.0000    0.995
   22        453.49        439.44      0.0000     0.0003        0.0000         0.0000     0.0000    0.0000    0.999
   23        457.69        452.13     -0.0001     0.0000        0.0000         0.0000     0.0000    0.0000    0.983
   24        458.07        452.63      0.0001     0.0001        0.0000         0.0000     0.0000    0.0000    0.998
   25        497.31        486.64      0.0000    -0.0000        0.0000         0.0000     0.0000    0.0000    0.997
   26        498.19        494.45     -0.0000     0.0000        0.0000         0.0000     0.0000    0.0000    1.000
   27        515.99        509.91      0.0001    -0.0001        0.0000         0.0000     0.0000    0.0000    0.999
   28        530.17        519.78     -0.0001    -0.0001        0.0000         0.0000     0.0000    0.0000    0.993
   29        590.25        590.09     -0.0000     0.0000        0.0000         0.0000     0.0000    0.0000    1.000
   30        617.21        613.65     -0.0040     0.0039        0.0000         0.0000     0.0000    0.0000    0.999
   31        640.04        635.55      0.0000     0.0000        0.0000         0.0000     0.0000    0.0000    1.000
   32        644.38        636.80      0.0009    -0.0009        0.0000         0.0000     0.0000    0.0000    0.999
   33        683.79        671.87     -0.0000     0.0000        0.0000         0.0000     0.0000    0.0000    0.994
   34        709.33        719.98     -0.0000    -0.0000        0.0000         0.0000     0.0000    0.0000    0.964
   35        720.37        720.40      0.0000     0.0000        0.0000         0.0000     0.0000    0.0000    0.986
   36        724.62        724.56      0.0000    -0.0000        0.0000         0.0000     0.0000    0.0000    0.996
   37        741.06        741.01     -0.0000    -0.0000        0.0000         0.0000     0.0000    0.0000    1.000
   38        745.10        745.80     -0.0000     0.0000        0.0000         0.0000     0.0000    0.0000    0.981
   39        754.06        751.91      0.0001    -0.0001        0.0000         0.0000     0.0000    0.0000    0.971
   40        780.66        789.02      0.0000     0.0000        0.0000         0.0000     0.0000    0.0000    0.998
   41        785.98        789.88      0.0000     0.0040        0.0000         0.0000     0.0000    0.0000    0.999
   42        792.61        808.39     -0.0066     0.0000        0.0000         0.0000     0.0000    0.0000    0.814
   43        820.89        809.25      0.0000     0.0000        0.0000         0.0000     0.0000    0.0000    0.983
   44        823.09        826.23      0.0000     0.0000        0.0000         0.0000     0.0000    0.0000    0.939
   45        824.38        842.37      0.0001     0.0115        0.0000         0.0000     0.0000    0.0000    0.998
   46        824.43        842.73     -0.0000     0.0002        0.0000         0.0000     0.0000    0.0000    0.764
   47        831.81        849.57     -0.0000     0.0001        0.0000         0.0000     0.0000    0.0000    0.997
   48        831.83        850.92      0.0001     0.0000        0.0000         0.0000     0.0000    0.0000    1.000
   49        839.11        853.42      0.0155    -0.0000        0.0000         0.0000     0.0000    0.0000    0.951
   50        846.09        862.12     -0.0000    -0.0001        0.0000         0.0000     0.0000    0.0000    0.642
   51        850.17        876.72     -0.0000    -0.0000        0.0000         0.0000     0.0000    0.0000    0.995
   52        903.39        912.72     -0.0002    -0.0002        0.0000         0.0000     0.0000    0.0000    0.999
   53        903.44        912.86     -0.0000     0.0000        0.0000         0.0000     0.0000    0.0000    0.998
   54        905.58        916.16      0.0000     0.0000        0.0000         0.0000     0.0000    0.0000    0.974
   55        905.58        916.21     -0.0000    -0.0000        0.0000         0.0000     0.0000    0.0000    0.974
   56        916.92        917.75      0.0000    -0.0000        0.0000         0.0000     0.0000    0.0000    1.000
   57        930.89        926.50      0.0000     0.0000        0.0000         0.0000     0.0000    0.0000    1.000
   58        941.49        938.15      0.0000    -0.0000        0.0000         0.0000     0.0000    0.0000    1.000
   59       1058.88       1069.84     -0.0000    -0.0000        0.0000         0.0000     0.0000    0.0000    0.994
   60       1059.90       1070.08     -0.0125     0.0040        0.0000         0.0000     0.0000    0.0000    0.996
   61       1135.21       1135.65     -0.0000    -0.0000        0.0000         0.0000     0.0000    0.0000    0.998
   62       1144.59       1136.82      0.0000     0.0000        0.0000         0.0000     0.0000    0.0000    0.994
   63       1146.10       1143.41      0.0000     0.0000        0.0000         0.0000     0.0000    0.0000    0.818
   64       1150.80       1147.49     -0.0421     0.0404        0.0007         0.0006     0.0000    0.0000    0.997
   65       1157.28       1161.76     -0.0000     0.0000        0.0000         0.0000     0.0000    0.0000    0.822
   66       1173.83       1164.23      0.0001    -0.0001        0.0000         0.0000     0.0000    0.0000    0.992
   67       1194.21       1194.60     -0.0624     0.0598        0.0016         0.0014     0.0000    0.0000    0.997
   68       1197.63       1195.76     -0.0000     0.0000        0.0000         0.0000     0.0000    0.0000    0.995
   69       1253.40       1255.10      0.0000    -0.0000        0.0000         0.0000     0.0000    0.0000    0.806
   70       1260.54       1256.76     -0.0000    -0.0000        0.0000         0.0000     0.0000    0.0000    0.805
   71       1265.22       1263.85      0.0000    -0.0000        0.0000         0.0000     0.0000    0.0000    0.996
   72       1266.90       1266.20      0.0000    -0.0000        0.0000         0.0000     0.0000    0.0000    0.997
   73       1353.35       1350.44      0.0000     0.0000        0.0000         0.0000     0.0000    0.0000    0.995
   74       1368.30       1364.98     -0.0000    -0.0000        0.0000         0.0000     0.0000    0.0000    0.995
   75       1378.72       1374.68      0.0307     0.0322        0.0005         0.0006     0.0000    0.0000    0.992
   76       1402.08       1397.60      0.0000     0.0000        0.0000         0.0000     0.0000    0.0000    0.991
   77       1418.85       1446.17      0.0000     0.0000        0.0000         0.0000     0.0000    0.0000    0.996
   78       1439.44       1450.50      0.0000     0.0000        0.0000         0.0000     0.0000    0.0000    0.879
   79       1454.51       1482.46      0.0000     0.0000        0.0000         0.0000     0.0000    0.0000    0.739
   80       1497.21       1502.83      0.0997     0.0849        0.0063         0.0046     0.0000    0.0000    0.704
   81       1519.45       1510.17      0.0000     0.0616        0.0000         0.0024     0.0000    0.0000    0.744
   82       1523.73       1512.32     -0.0037    -0.0000        0.0000         0.0000     0.0000    0.0000    0.631
   83       1538.28       1530.14     -0.0000    -0.0000        0.0000         0.0000     0.0000    0.0000    0.695
   84       1544.87       1544.72     -0.0247     0.0000        0.0004         0.0000     0.0000    0.0000    0.991
   85       1553.50       1548.93      0.0000    -0.0006        0.0000         0.0000     0.0000    0.0000    0.935
   86       1620.09       1600.65     -0.0000     0.0000        0.0000         0.0000     0.0000    0.0000    0.968
   87       1635.53       1626.35      0.0563     0.0047        0.0024         0.0000     0.0000    0.0000    0.985
   88       1665.69       1626.60     -0.0377     0.0499        0.0011         0.0019     0.0000    0.0000    0.934
   89       1666.01       1657.42     -0.0000    -0.0000        0.0000         0.0000     0.0000    0.0000    0.964
   90       1690.06       1658.79      0.0000     0.0003        0.0000         0.0000     0.0000    0.0000    0.997
   91       1716.65       1661.86      0.0000    -0.0480        0.0000         0.0018     0.0000    0.0000    0.923
   92       1739.82       1710.83      0.0000    -0.0000        0.0000         0.0000     0.0000    0.0000    0.922
   93       1766.82       1727.03     -0.0000    -0.0000        0.0000         0.0000     0.0000    0.0000    0.926
   94       1769.70       1740.14      0.0000    -0.0000        0.0000         0.0000     0.0000    0.0000    0.990
   95       2996.69       3009.68      0.0000    -0.0000        0.0000         0.0000     0.0000    0.0000    0.961
   96       2997.74       3011.45     -0.0000     0.0015        0.0000         0.0000     0.0000    0.0000    0.963
   97       2998.66       3011.65     -0.0000     0.0000        0.0000         0.0000     0.0000    0.0000    0.855
   98       2999.35       3012.93     -0.0000     0.0000        0.0000         0.0000     0.0000    0.0000    0.941
   99       3000.16       3013.17     -0.0015     0.0000        0.0000         0.0000     0.0000    0.0000    0.865
  100       3000.23       3014.37      0.0000     0.0012        0.0000         0.0000     0.0000    0.0000    0.697
  101       3000.29       3016.67      0.0000     0.0000        0.0000         0.0000     0.0000    0.0000    0.850
  102       3001.00       3016.69     -0.0011    -0.0000        0.0000         0.0000     0.0000    0.0000    0.834
  103       3001.51       3018.49      0.0000     0.0000        0.0000         0.0000     0.0000    0.0000    0.938
  104       3001.85       3018.53     -0.0000    -0.0016        0.0000         0.0000     0.0000    0.0000    0.728
  105       3011.11       3027.93      0.0000     0.0000        0.0000         0.0000     0.0000    0.0000    0.993
  106       3011.13       3027.94     -0.0000     0.0000        0.0000         0.0000     0.0000    0.0000    0.993
  107       3018.19       3034.24      0.0000     0.0000        0.0000         0.0000     0.0000    0.0000    0.993
  108       3018.37       3034.27     -0.0054    -0.0047        0.0001         0.0001     0.0000    0.0000    0.993
