Run semi-empirical minimization
 &qmmm
    qm_theory='AM1', grms_tol=0.0005,
 scfconv=1.d-10, ndiis_attempts=700,   qmcharge=0,
 /
   6    C1       10.4330       29.0730       63.2440 
   6    C2        9.4480       29.0780       64.2630 
   6    C3       11.6770       28.3440       63.4760 
   6    C4       10.2620       29.7530       62.0310 
   6    C5        9.6440       28.4190       65.4640 
   1    H6        8.6340       29.5460       64.1180 
   6    C7       11.8470       27.6670       64.7000 
   6    C8       12.6530       28.3390       62.4720 
   6    C9       11.2380       29.7480       61.0270 
   1   H10        9.4480       30.2260       61.9000 
   6   C11        8.6600       28.4360       66.5010 
   6   C12       10.8750       27.6950       65.6900 
   1   H13       12.6490       27.1800       64.8520 
   1   H14       13.4660       27.8660       62.6030 
   6   C15       12.4820       29.0190       61.2590 
   6   C16       11.0680       30.4250       59.8030 
   6   C17        8.8710       27.7920       67.6730 
   1   H18        7.8450       28.9050       66.3650 
   6   C19       11.0460       27.0350       66.9440 
   6   C20       13.4660       29.0140       60.2400 
   6   C21       12.0400       30.3980       58.8130 
   1   H22       10.2660       30.9130       59.6510 
   6   C23       10.0890       27.0780       67.9020 
   1   H24        8.2040       27.8160       68.3500 
   1   H25       11.8490       26.5540       67.1100 
   1   H26       14.2810       28.5470       60.3850 
   6   C27       13.2710       29.6730       59.0400 
   6   C28       11.8680       31.0580       57.5590 
   1   H29       10.2270       26.6330       68.7300 
   6   C30       14.2550       29.6570       58.0020 
   6   C31       12.8260       31.0150       56.6010 
   1   H32       11.0660       31.5390       57.3940 
   6   C33       14.0440       30.3000       56.8300 
   1   H34       15.0700       29.1880       58.1390 
   1   H35       12.6880       31.4600       55.7730 
   1   H36       14.7100       30.2770       56.1540 

