           8
 F F F F T          72           2   203.00000000000006        1.0000000009149943     
   1.1817634701748125        2.7974963194712226        0.0000000000000000        0.0000000000000000     
   1.2485229992169926        2.7983044411964388        0.0000000000000000        0.0000000000000000     
   1.1855834367863878        2.7891521662798766        0.0000000000000000        0.0000000000000000     
   1.2439524394455557        2.7862372566364453        0.0000000000000000        0.0000000000000000     
   1.1777057651474798        2.7737745088312478        0.0000000000000000        0.0000000000000000     
  0.88290682714645896     
   1.2553506536141343        2.8183593142879442        0.0000000000000000        0.0000000000000000     
   1.2516647452299474        2.7981317513556583        0.0000000000000000        0.0000000000000000     
   1.1845577665057325        2.7970225280480374        0.0000000000000000        0.0000000000000000     
  0.87728301670903330     
   1.2233605829102181        2.8246109227600269        0.0000000000000000        0.0000000000000000     
   1.1987240970128692        2.7604961293358006        0.0000000000000000        0.0000000000000000     
  0.88151859668416677     
  0.88570170334801546     
   1.1882856644456559        2.7944630326675308        0.0000000000000000        0.0000000000000000     
   1.2534074313435739        2.7994666577498393        0.0000000000000000        0.0000000000000000     
   1.2287314998205343        2.8345857343841558        0.0000000000000000        0.0000000000000000     
  0.88684008117082658     
   1.2351939864978192        2.8459232765798239        0.0000000000000000        0.0000000000000000     
   1.2482751926912297        2.8209359538546099        0.0000000000000000        0.0000000000000000     
   1.1883327852141754        2.7697061341149256        0.0000000000000000        0.0000000000000000     
  0.88223792368146792     
   1.2434473978445792        2.8192512967077441        0.0000000000000000        0.0000000000000000     
  0.89806890318173127     
  0.88523616647870784     
  0.88283773814859567     
   1.1847289061001354        2.7671837014638454        0.0000000000000000        0.0000000000000000     
   1.2419787845238035        2.8296627746682210        0.0000000000000000        0.0000000000000000     
  0.89680717078627326     
   1.2377337596566087        2.8401372394594411        0.0000000000000000        0.0000000000000000     
   1.2247564418895347        2.8280129952263424        0.0000000000000000        0.0000000000000000     
  0.89288921306757119     
   1.2293962090214094        2.8129331937818431        0.0000000000000000        0.0000000000000000     
  0.88705167566778420     
  0.89758702912699073     
  0.90182180977990134     
   1.1769198180742866        2.7861374441373852        0.0000000000000000        0.0000000000000000     
   1.2369604049167560        2.8822721333175334        0.0000000000000000        0.0000000000000000     
   1.1789940724713408        2.7807470368832385        0.0000000000000000        0.0000000000000000     
   1.2536010844632490        2.8902665979997586        0.0000000000000000        0.0000000000000000     
   1.1874524520400676        2.7855528227259470        0.0000000000000000        0.0000000000000000     
  0.88619377496542961     
   1.2327150923135153        2.9323678788816085        0.0000000000000000        0.0000000000000000     
   1.2547438711431156        2.9200364515062409        0.0000000000000000        0.0000000000000000     
   1.1773483008566634        2.7854758938601676        0.0000000000000000        0.0000000000000000     
  0.87965205508537792     
   1.2303296094613514        2.8502252899519349        0.0000000000000000        0.0000000000000000     
   1.1810547466585817        2.7856237282996674        0.0000000000000000        0.0000000000000000     
  0.89131727083029944     
  0.88497011684010651     
   1.1715433489494269        2.7829711781045652        0.0000000000000000        0.0000000000000000     
   1.2463931101234702        2.8954352756895894        0.0000000000000000        0.0000000000000000     
   1.2198834222849739        2.8727665741589550        0.0000000000000000        0.0000000000000000     
  0.88411547444039451     
   1.2211490109754046        2.8993595728573562        0.0000000000000000        0.0000000000000000     
   1.2403737190369126        2.9141470317806384        0.0000000000000000        0.0000000000000000     
   1.1768405980986842        2.7865535712175937        0.0000000000000000        0.0000000000000000     
  0.88943832766649900     
   1.2281544146309473        2.8666074864807980        0.0000000000000000        0.0000000000000000     
  0.90930733856307833     
  0.92571539794806301     
  0.88893232410796008     
   1.1707616029924410        2.7821239827037720        0.0000000000000000        0.0000000000000000     
   1.2279565038158193        2.8831559813952969        0.0000000000000000        0.0000000000000000     
  0.91794429907347463     
   1.2686816725297494        2.8634057943636888        0.0000000000000000        0.0000000000000000     
   1.2121588509899239        2.8721430055178150        0.0000000000000000        0.0000000000000000     
  0.90656615213829728     
   1.2414046259984177        2.8679907231767343        0.0000000000000000        0.0000000000000000     
  0.88632734564685145     
  0.91000391390166502     
  0.91864122202538367     
  -3.7031210569902218E-003  -1.3682988993374057E-002   0.0000000000000000        0.0000000000000000     
   5.5700564254923535E-003  0.11691958914120670        0.0000000000000000        0.0000000000000000     
  -4.7017594161085086E-003  -1.8266425701004785E-002   0.0000000000000000        0.0000000000000000     
   6.6766295811242493E-003  0.13428490168285201        0.0000000000000000        0.0000000000000000     
  -1.8220908776505063E-003   6.2546081774157436E-003   0.0000000000000000        0.0000000000000000     
  -6.9320166630456592E-003
   6.8380383860464633E-003  0.14020494281017548        0.0000000000000000        0.0000000000000000     
   8.1998145631432262E-003  0.16353739721348060        0.0000000000000000        0.0000000000000000     
  -3.7134155504214839E-003  -1.3666687262549715E-002   0.0000000000000000        0.0000000000000000     
  -7.9430300866306647E-003
   1.1920709717665456E-003   3.6312576099946092E-002   0.0000000000000000        0.0000000000000000     
  -2.4888089141299474E-003   2.8681929430036668E-003   0.0000000000000000        0.0000000000000000     
  -7.9420862600826370E-003
  -9.5993731536949678E-003
  -4.6430413594884534E-003  -1.8271926924892323E-002   0.0000000000000000        0.0000000000000000     
   5.5714363907233277E-003  0.11598898888664566        0.0000000000000000        0.0000000000000000     
   6.3225949006562310E-004   3.1343482435322478E-002   0.0000000000000000        0.0000000000000000     
  -2.1633244785018713E-003
   1.6828869042462280E-003   4.3620469357831926E-002   0.0000000000000000        0.0000000000000000     
   6.6051105938338406E-003  0.13524646410643815        0.0000000000000000        0.0000000000000000     
  -1.9019130231365811E-003   5.7367146569742289E-003   0.0000000000000000        0.0000000000000000     
  -6.8121445728229757E-003
   1.4736212262556059E-004   2.5041445297198539E-002   0.0000000000000000        0.0000000000000000     
  -1.7446310605526705E-003
  -2.4925652335801018E-003
  -7.5951242116845119E-003
  -2.5295995979048858E-003   7.9838079529803707E-004   0.0000000000000000        0.0000000000000000     
   1.6322109951663055E-003   4.3742300339002060E-002   0.0000000000000000        0.0000000000000000     
  -1.4488197324749041E-003
   1.8664484660804170E-003   4.7101187951505974E-002   0.0000000000000000        0.0000000000000000     
   3.1189148628651964E-004   2.6483597328397668E-002   0.0000000000000000        0.0000000000000000     
  -2.5346768866437719E-003
   1.5926631283336157E-004   2.4950958291583891E-002   0.0000000000000000        0.0000000000000000     
  -2.7337120713456509E-003
  -1.4785614573612493E-003
  -1.4405495905791543E-003
  -3.2930348374149432E-005  -1.4906671599712595E-004   0.0000000000000000        0.0000000000000000     
   3.9697231989377357E-005   7.7062322969068120E-004   0.0000000000000000        0.0000000000000000     
   2.0902241459896942E-006   5.0338633742708083E-005   0.0000000000000000        0.0000000000000000     
   5.9200649546564676E-005   1.1789434022859702E-003   0.0000000000000000        0.0000000000000000     
  -2.4033272411294604E-005  -1.0470055405376044E-004   0.0000000000000000        0.0000000000000000     
  -4.4770936547311457E-005
  -3.0014604168737691E-006   2.0491549002077392E-005   0.0000000000000000        0.0000000000000000     
   6.3335232811656539E-006   1.5127610311838069E-004   0.0000000000000000        0.0000000000000000     
  -3.0199879218484327E-005  -9.8736252701403515E-005   0.0000000000000000        0.0000000000000000     
  -6.6762694485578145E-005
   2.1102696228014750E-005   3.9714184443173650E-004   0.0000000000000000        0.0000000000000000     
   1.3037938315196840E-005   2.5634539714447513E-004   0.0000000000000000        0.0000000000000000     
  -8.7823254690810870E-007
  -8.8824903461404148E-006
  -1.5117581271262281E-006   1.0347194567827955E-005   0.0000000000000000        0.0000000000000000     
   3.8648763482473925E-005   8.0397413591581923E-004   0.0000000000000000        0.0000000000000000     
  -1.6291355405817498E-005  -6.8208013049630978E-005   0.0000000000000000        0.0000000000000000     
  -2.2980940467931532E-005
  -1.4402268498914239E-005  -7.0639823612772545E-005   0.0000000000000000        0.0000000000000000     
   4.4325000470024634E-006   1.2709513825681640E-004   0.0000000000000000        0.0000000000000000     
  -1.4292024134165970E-005   4.8052944346732573E-005   0.0000000000000000        0.0000000000000000     
  -4.6771466932327144E-005
   2.9039716042733588E-005   5.6188778714494347E-004   0.0000000000000000        0.0000000000000000     
   4.8580957451305196E-006
   5.0148757955170709E-006
  -7.4663203124547550E-006
   1.8456596462268493E-006   1.3113211681403669E-004   0.0000000000000000        0.0000000000000000     
   1.1237925515272806E-005   2.9744957902000380E-004   0.0000000000000000        0.0000000000000000     
  -3.2758224979834161E-005
  -4.5714518304151852E-007   1.1464185845344588E-004   0.0000000000000000        0.0000000000000000     
  -6.8502316596941171E-007   1.6232425101403436E-004   0.0000000000000000        0.0000000000000000     
  -1.7273595044997592E-005
   1.1153371912930865E-005   3.1302068620764345E-004   0.0000000000000000        0.0000000000000000     
  -6.8841434259780954E-006
  -8.7173076012136974E-006
  -1.8761927876087547E-005
 0 0
