           8
 F F F F T          72           2   202.99999999999994        1.0000000000459153     
   1.1801663817370458        2.7850398919273101        0.0000000000000000        0.0000000000000000     
   1.2438712784439940        2.8843844759967698        0.0000000000000000        0.0000000000000000     
   1.1821929608459467        2.7757855091641157        0.0000000000000000        0.0000000000000000     
   1.2367231195970483        2.8836084779379316        0.0000000000000000        0.0000000000000000     
   1.1741226690259228        2.7796743122641558        0.0000000000000000        0.0000000000000000     
  0.89305280337581894     
   1.2548113498224298        2.9081594018379020        0.0000000000000000        0.0000000000000000     
   1.2469995772400080        2.9102871449666314        0.0000000000000000        0.0000000000000000     
   1.1839964117612385        2.7832917398410189        0.0000000000000000        0.0000000000000000     
  0.88877602603496419     
   1.2179532228502588        2.8562078862949818        0.0000000000000000        0.0000000000000000     
   1.1955678106458612        2.7695820706367078        0.0000000000000000        0.0000000000000000     
  0.89010828425862965     
  0.89337822848581327     
   1.1876771156713721        2.7837732430358946        0.0000000000000000        0.0000000000000000     
   1.2507486656866560        2.8824070171601557        0.0000000000000000        0.0000000000000000     
   1.2268994090178054        2.8737380054009671        0.0000000000000000        0.0000000000000000     
  0.89802820370641001     
   1.2337802205615886        2.8784561894657648        0.0000000000000000        0.0000000000000000     
   1.2484439530364360        2.9149499631274196        0.0000000000000000        0.0000000000000000     
   1.1855968289013030        2.7802416705527992        0.0000000000000000        0.0000000000000000     
  0.89112089646940507     
   1.2397841725958014        2.8646289331284738        0.0000000000000000        0.0000000000000000     
  0.91570490512612845     
  0.90112425361858317     
  0.89348374253865781     
   1.1808313813518572        2.7811796759255816        0.0000000000000000        0.0000000000000000     
   1.2399531604866252        2.8642740350816043        0.0000000000000000        0.0000000000000000     
  0.91531190602606149     
   1.2375713040435323        2.8809960670987955        0.0000000000000000        0.0000000000000000     
   1.2195793041602072        2.8762278827395740        0.0000000000000000        0.0000000000000000     
  0.90456150291709214     
   1.2240458076892140        2.8711044631690896        0.0000000000000000        0.0000000000000000     
  0.89566623767384623     
  0.91828436062564411     
  0.92198690197984634     
   1.1754445915287797        2.8068287243507055        0.0000000000000000        0.0000000000000000     
   1.2383969135821240        2.8075738095202940        0.0000000000000000        0.0000000000000000     
   1.1787179926996794        2.8005273413662675        0.0000000000000000        0.0000000000000000     
   1.2346256416692150        2.7968406366066048        0.0000000000000000        0.0000000000000000     
   1.1686488949520755        2.7756284464886880        0.0000000000000000        0.0000000000000000     
  0.89261701031517082     
   1.2512423653323737        2.8120768334149036        0.0000000000000000        0.0000000000000000     
   1.2378186948163479        2.8087328156082432        0.0000000000000000        0.0000000000000000     
   1.1692560544737425        2.8048414648749107        0.0000000000000000        0.0000000000000000     
  0.89629016380429138     
   1.2451805221743286        2.8161179686775224        0.0000000000000000        0.0000000000000000     
   1.1631017568611473        2.7797427464998212        0.0000000000000000        0.0000000000000000     
  0.89125026982163380     
  0.88884082368314110     
   1.1763918524813353        2.7995451196125991        0.0000000000000000        0.0000000000000000     
   1.2423252560461622        2.8127948204191648        0.0000000000000000        0.0000000000000000     
   1.2366050059368843        2.8113762211758466        0.0000000000000000        0.0000000000000000     
  0.88562962220410690     
   1.2345807640123341        2.8426689672323229        0.0000000000000000        0.0000000000000000     
   1.2545735081258442        2.8247998535644299        0.0000000000000000        0.0000000000000000     
   1.1613216733004834        2.7801904185403492        0.0000000000000000        0.0000000000000000     
  0.89402838832093656     
   1.2376985502968023        2.8168918931984441        0.0000000000000000        0.0000000000000000     
  0.88678577950503112     
  0.90065010769596088     
  0.88440983645168025     
   1.1781081039816688        2.7728163182257664        0.0000000000000000        0.0000000000000000     
   1.2274278238141090        2.8444856285933970        0.0000000000000000        0.0000000000000000     
  0.87656678799815535     
   1.2422553281487361        2.8399210995198070        0.0000000000000000        0.0000000000000000     
   1.2391549719887580        2.8297430780357393        0.0000000000000000        0.0000000000000000     
  0.90409866976894859     
   1.2396352111589215        2.8239250754268195        0.0000000000000000        0.0000000000000000     
  0.88100220337864232     
  0.88404563086649168     
  0.89330153308861648     
  -1.6426762350807422E-005  -2.3853718834399018E-005   0.0000000000000000        0.0000000000000000     
   2.0301374924258653E-005   4.3053855478136782E-004   0.0000000000000000        0.0000000000000000     
   8.5899219626206502E-007   5.1676456812810301E-005   0.0000000000000000        0.0000000000000000     
   3.1451298917239967E-005   6.4046408299756052E-004   0.0000000000000000        0.0000000000000000     
  -8.8170304424206591E-006   2.0206861554239453E-005   0.0000000000000000        0.0000000000000000     
  -2.5208626867501138E-005
  -6.2948336299051277E-007   5.7079317000496843E-005   0.0000000000000000        0.0000000000000000     
   3.3830567511827780E-006   8.5039733291214503E-005   0.0000000000000000        0.0000000000000000     
  -2.0040345506622259E-005  -7.2530885228516695E-005   0.0000000000000000        0.0000000000000000     
  -3.7289947603769136E-005
   3.6377126499953505E-006   9.2874630709172123E-005   0.0000000000000000        0.0000000000000000     
   6.8325951609882196E-006   1.9425235567682719E-004   0.0000000000000000        0.0000000000000000     
  -3.1414569141574589E-006
  -4.8913375731984843E-006
  -6.8354279614268876E-007   2.9742743170579899E-006   0.0000000000000000        0.0000000000000000     
   3.0167787620660746E-005   5.8998063770543396E-004   0.0000000000000000        0.0000000000000000     
  -1.1643889357149106E-006   4.1043366536541726E-005   0.0000000000000000        0.0000000000000000     
  -5.6110608742665491E-006
  -2.5345914325125563E-006   4.0893347930559543E-005   0.0000000000000000        0.0000000000000000     
   1.3648547139144540E-006   6.9934854311615169E-005   0.0000000000000000        0.0000000000000000     
  -1.6426159874516344E-005  -8.1807959160240529E-005   0.0000000000000000        0.0000000000000000     
  -3.4504891216924349E-005
   5.3243225817123374E-006   1.3524019503918794E-004   0.0000000000000000        0.0000000000000000     
  -2.2128690797540429E-006
  -2.1298547165926607E-006
  -3.8586110663318962E-006
   6.0268560189147280E-006   1.3424233796222040E-004   0.0000000000000000        0.0000000000000000     
   1.2326702029330505E-005   2.1720586153506360E-004   0.0000000000000000        0.0000000000000000     
  -8.0341356808455444E-006
  -5.5983006670423663E-006  -4.9632656242692974E-006   0.0000000000000000        0.0000000000000000     
  -8.5301251750991014E-006  -4.2906304182466215E-005   0.0000000000000000        0.0000000000000000     
  -1.3019002074399211E-005
   1.2634707425185354E-005   2.5384513698112343E-004   0.0000000000000000        0.0000000000000000     
   7.6767658363507962E-007
   2.9275125728034368E-006
  -1.5005844307691696E-005
  -3.9641223993340802E-003  -1.5047705933614708E-002   0.0000000000000000        0.0000000000000000     
   5.9085096914310853E-003  0.12308859941695127        0.0000000000000000        0.0000000000000000     
  -4.6789166905571999E-003  -1.8894711468221193E-002   0.0000000000000000        0.0000000000000000     
   6.7432926635535573E-003  0.13700437139024624        0.0000000000000000        0.0000000000000000     
  -2.2657768664060551E-003   7.2414822656030609E-004   0.0000000000000000        0.0000000000000000     
  -7.0800521537821570E-003
   7.4527721192785279E-003  0.15196077405159869        0.0000000000000000        0.0000000000000000     
   7.2373040494040364E-003  0.14503507496748336        0.0000000000000000        0.0000000000000000     
  -3.8839825148502261E-003  -1.3704940511393371E-002   0.0000000000000000        0.0000000000000000     
  -7.8231634387149196E-003
   2.2381317004120937E-003   5.7118719465675039E-002   0.0000000000000000        0.0000000000000000     
  -3.1614355655178450E-003  -6.5837339875325362E-003   0.0000000000000000        0.0000000000000000     
  -8.7457828329228215E-003
  -8.3114919878066740E-003
  -3.9964869833370997E-003  -1.3537919794667896E-002   0.0000000000000000        0.0000000000000000     
   5.7041705547395960E-003  0.11877467994688606        0.0000000000000000        0.0000000000000000     
   5.2049399538534047E-004   3.3307343284197266E-002   0.0000000000000000        0.0000000000000000     
  -3.2760447877787646E-003
   2.8106370316807183E-003   6.3542334886373286E-002   0.0000000000000000        0.0000000000000000     
   5.7815424682621241E-003  0.12082405256540252        0.0000000000000000        0.0000000000000000     
  -2.1817099468026679E-003   7.3254100389696930E-004   0.0000000000000000        0.0000000000000000     
  -6.8860561663076636E-003
  -3.6022547157199547E-004   2.0168859557152086E-002   0.0000000000000000        0.0000000000000000     
  -1.8653050095296386E-003
  -3.6530158411188784E-003
  -6.9779108600470652E-003
  -1.9458911970582360E-003   5.2005356817139692E-003   0.0000000000000000        0.0000000000000000     
   1.6569563837232071E-003   4.1314874645479449E-002   0.0000000000000000        0.0000000000000000     
  -1.1040523458529794E-003
   1.3747543756839065E-003   3.9106401881785935E-002   0.0000000000000000        0.0000000000000000     
   1.8487443691039829E-005   2.0227353378211355E-002   0.0000000000000000        0.0000000000000000     
  -2.3704047640595860E-003
   5.3769027146977066E-004   2.8398127018857799E-002   0.0000000000000000        0.0000000000000000     
  -2.2166188625406535E-003
  -1.1365015115349930E-003
  -1.5932511321489207E-003
 0 0
