Run semi-empirical minimization
 &qmmm
    qm_theory='AM1', grms_tol=0.0005,
 scfconv=1.d-10, ndiis_attempts=700,   qmcharge=0,
 /
   6    C1       14.9580       37.0590       47.1490 
   6    C2       14.8020       37.1780       45.7570 
   6    C3       13.9770       36.5020       47.9790 
   6    C4       16.1890       37.5470       47.7530 
   1    H5       14.0000       36.8610       45.3560 
   6    C6       15.7780       37.7440       44.9470 
   1    H7       13.1640       36.1850       47.6070 
   6    C8       14.1560       36.4000       49.3670 
   6    C9       17.1810       38.1190       46.9210 
   6   C10       16.3680       37.4450       49.1400 
   6   C11       17.0020       38.2200       45.5460 
   6   C12       15.6140       37.8690       43.5250 
   6   C13       13.1650       35.8280       50.1990 
   6   C14       15.3870       36.8880       49.9710 
   1   H15       17.9860       38.4400       47.3100 
   1   H16       17.1820       37.7620       49.5130 
   6   C17       17.9980       38.8060       44.6830 
   1   H18       14.8140       37.5630       43.1130 
   6   C19       16.5930       38.4200       42.7630 
   6   C20       13.3430       35.7270       51.5740 
   1   H21       12.3590       35.5070       49.8100 
   6   C22       15.5440       36.7680       51.3630 
   6   C23       17.8000       38.9030       43.3480 
   1   H24       18.8080       39.1300       45.0580 
   1   H25       16.4720       38.4850       41.8220 
   6   C26       12.3470       35.1410       52.4370 
   6   C27       14.5680       36.2030       52.1720 
   1   H28       16.3450       37.0860       51.7640 
   1   H29       18.4690       39.2940       42.7980 
   6   C30       12.5450       35.0440       53.7720 
   1   H31       11.5370       34.8170       52.0620 
   6   C32       14.7320       36.0780       53.5950 
   6   C33       13.7530       35.5270       54.3570 
   1   H34       11.8770       34.6520       54.3220 
   1   H35       15.5310       36.3840       54.0070 
   1   H36       13.8740       35.4620       55.2970 

