           8
 F F F F T          72           2   203.00000000000009        1.0000000001802736     
   1.1843812357715482        2.7780625008406430        0.0000000000000000        0.0000000000000000     
   1.2407953039090427        2.8840911863018279        0.0000000000000000        0.0000000000000000     
   1.1949001473371532        2.7797782459488012        0.0000000000000000        0.0000000000000000     
   1.2523166688146778        2.8783931989072249        0.0000000000000000        0.0000000000000000     
   1.1838046180654875        2.7776778765857948        0.0000000000000000        0.0000000000000000     
  0.88877967634993083     
   1.2452376364985205        2.9071440374145698        0.0000000000000000        0.0000000000000000     
   1.2505311977763856        2.9118636464151741        0.0000000000000000        0.0000000000000000     
   1.1798246458054384        2.7864640185470586        0.0000000000000000        0.0000000000000000     
  0.87984863890193954     
   1.2427015177387746        2.8508666558384324        0.0000000000000000        0.0000000000000000     
   1.1843585817484801        2.7691066255022299        0.0000000000000000        0.0000000000000000     
  0.89665758842305432     
  0.89440778266828058     
   1.1809394603514280        2.7802653105670214        0.0000000000000000        0.0000000000000000     
   1.2396625331877702        2.8835289235074355        0.0000000000000000        0.0000000000000000     
   1.2242551547607781        2.8740254076958678        0.0000000000000000        0.0000000000000000     
  0.88749728572327991     
   1.2428782170989772        2.8754430892807283        0.0000000000000000        0.0000000000000000     
   1.2473774833010256        2.9209472296716772        0.0000000000000000        0.0000000000000000     
   1.1832398392036345        2.7826741000860307        0.0000000000000000        0.0000000000000000     
  0.90022800109749868     
   1.2276003929965205        2.8647529481696012        0.0000000000000000        0.0000000000000000     
  0.92243019466159737     
  0.89778870742096162     
  0.89024196148294832     
   1.1844174776768157        2.7771038825098753        0.0000000000000000        0.0000000000000000     
   1.2379627600316987        2.8575440939987233        0.0000000000000000        0.0000000000000000     
  0.91196257139064718     
   1.2380705455834780        2.8772566303559444        0.0000000000000000        0.0000000000000000     
   1.2343719344925743        2.8760756371643765        0.0000000000000000        0.0000000000000000     
  0.90884823438751727     
   1.2309356477976316        2.8646126340259874        0.0000000000000000        0.0000000000000000     
  0.89824084959596218     
  0.90962399928079396     
  0.92510948433651352     
   1.1664394846894823        2.8013661104640133        0.0000000000000000        0.0000000000000000     
   1.2469126411830587        2.8046705783832526        0.0000000000000000        0.0000000000000000     
   1.1622094682680146        2.8011058324642115        0.0000000000000000        0.0000000000000000     
   1.2527631825490961        2.7846505189525841        0.0000000000000000        0.0000000000000000     
   1.1810156635401339        2.7737395346936582        0.0000000000000000        0.0000000000000000     
  0.89373782343722807     
   1.2464844741371390        2.8206762791476621        0.0000000000000000        0.0000000000000000     
   1.2500084466267736        2.7993657938891885        0.0000000000000000        0.0000000000000000     
   1.1739314538084367        2.7979117127926312        0.0000000000000000        0.0000000000000000     
  0.88369256268320018     
   1.2352125417825792        2.8226762806022663        0.0000000000000000        0.0000000000000000     
   1.1844503765014984        2.7689287301764143        0.0000000000000000        0.0000000000000000     
  0.88862038415740940     
  0.89195863071509451     
   1.1729525413141424        2.8007834396905000        0.0000000000000000        0.0000000000000000     
   1.2503670406777432        2.8062458075079828        0.0000000000000000        0.0000000000000000     
   1.2261239743005490        2.8165243121574992        0.0000000000000000        0.0000000000000000     
  0.88961404061640503     
   1.2428477803440821        2.8409424658019962        0.0000000000000000        0.0000000000000000     
   1.2509014993640619        2.8184511078602723        0.0000000000000000        0.0000000000000000     
   1.1869073674785104        2.7782153050236005        0.0000000000000000        0.0000000000000000     
  0.88991142880193230     
   1.2296948033776718        2.8211035001209455        0.0000000000000000        0.0000000000000000     
  0.88888713367685246     
  0.89531712839369049     
  0.88373447958280693     
   1.1750182053372686        2.7795982544958520        0.0000000000000000        0.0000000000000000     
   1.2494664054037006        2.8351898914073193        0.0000000000000000        0.0000000000000000     
  0.88129434407930707     
   1.2361047553574296        2.8396800748141775        0.0000000000000000        0.0000000000000000     
   1.2281553289657352        2.8330588423057979        0.0000000000000000        0.0000000000000000     
  0.89510486279208723     
   1.2264631882391210        2.8282316967319119        0.0000000000000000        0.0000000000000000     
  0.88547123455605237     
  0.89216401670522472     
  0.89303938206897948     
  -2.3161589416842432E-005  -5.6017652191986400E-005   0.0000000000000000        0.0000000000000000     
   2.3871802901087591E-005   4.8987833059088715E-004   0.0000000000000000        0.0000000000000000     
   3.7478848693428546E-006   8.2848865717632947E-005   0.0000000000000000        0.0000000000000000     
   4.8415794806633272E-005   9.6383501909924618E-004   0.0000000000000000        0.0000000000000000     
  -1.0951441749229573E-005   1.6603634178657956E-006   0.0000000000000000        0.0000000000000000     
  -2.8684337896933698E-005
  -2.9631002880226021E-006   1.7930115462583274E-005   0.0000000000000000        0.0000000000000000     
   1.9554223884554744E-007   3.3294513988924024E-005   0.0000000000000000        0.0000000000000000     
  -2.7892590820810526E-005  -1.0653562711615550E-004   0.0000000000000000        0.0000000000000000     
  -5.5816580301515373E-005
   5.9646475782937358E-006   1.2904529935875431E-004   0.0000000000000000        0.0000000000000000     
   7.6581654360197149E-006   1.9326499902305727E-004   0.0000000000000000        0.0000000000000000     
  -8.5085950685126477E-007
  -1.7439177902867087E-006
   1.8035721525144766E-006   1.1327959931417553E-005   0.0000000000000000        0.0000000000000000     
   3.6678842156190328E-005   7.1923764682813029E-004   0.0000000000000000        0.0000000000000000     
  -2.5072886722377064E-006   2.3818682799436885E-005   0.0000000000000000        0.0000000000000000     
  -7.7514643652687454E-006
  -2.7936506623582602E-006   3.5617059547021768E-005   0.0000000000000000        0.0000000000000000     
  -2.0045061224216454E-006   1.0655981911966705E-005   0.0000000000000000        0.0000000000000000     
  -2.0489104932019941E-005  -1.0474720344211264E-004   0.0000000000000000        0.0000000000000000     
  -4.2004199611866966E-005
   5.5723364853488278E-006   1.3519797640215714E-004   0.0000000000000000        0.0000000000000000     
  -1.1793612156862920E-006
  -1.7853472343842824E-006
  -4.5627698308514653E-007
   8.6084623642790348E-006   1.6218935610368135E-004   0.0000000000000000        0.0000000000000000     
   1.5557944148092417E-005   2.7471986662108705E-004   0.0000000000000000        0.0000000000000000     
  -8.0085478361135998E-006
  -6.9882207416327446E-006  -2.1132430167547511E-005   0.0000000000000000        0.0000000000000000     
  -1.0855208921967119E-005  -6.7485393063115851E-005   0.0000000000000000        0.0000000000000000     
  -1.6481186448813467E-005
   1.6221287595374889E-005   2.8868877931964576E-004   0.0000000000000000        0.0000000000000000     
   1.8172207062461254E-006
   4.3192333686326023E-006
  -1.6495244513525797E-005
  -4.0381120157750860E-003  -1.6326823831482873E-002   0.0000000000000000        0.0000000000000000     
   6.0131469675903659E-003  0.12381324905996838        0.0000000000000000        0.0000000000000000     
  -4.8325144214702576E-003  -1.9597017093739844E-002   0.0000000000000000        0.0000000000000000     
   7.5759472998824240E-003  0.15182491464218639        0.0000000000000000        0.0000000000000000     
  -2.2278833492488381E-003   3.3448236833555356E-004   0.0000000000000000        0.0000000000000000     
  -7.1508071496592107E-003
   6.9799641100600773E-003  0.14057493015131506        0.0000000000000000        0.0000000000000000     
   8.5753261480636667E-003  0.17131229148914384        0.0000000000000000        0.0000000000000000     
  -4.0098917509017173E-003  -1.5666383088225988E-002   0.0000000000000000        0.0000000000000000     
  -8.7168729364566211E-003
   1.8718760272971036E-003   4.6591960272501343E-002   0.0000000000000000        0.0000000000000000     
  -2.9387472625745925E-003  -7.0636784353630411E-003   0.0000000000000000        0.0000000000000000     
  -8.1746608054610315E-003
  -9.9624540661570338E-003
  -4.7246360341561822E-003  -1.8118510784398634E-002   0.0000000000000000        0.0000000000000000     
   5.7952202783100315E-003  0.11804482880097611        0.0000000000000000        0.0000000000000000     
   4.5785459750313784E-004   2.7293301186759766E-002   0.0000000000000000        0.0000000000000000     
  -2.5968474779702877E-003
   2.6421809434407084E-003   5.7085538878516306E-002   0.0000000000000000        0.0000000000000000     
   6.6416593005858005E-003  0.13573088829163682        0.0000000000000000        0.0000000000000000     
  -2.2411570224167843E-003  -1.3595868655298382E-003   0.0000000000000000        0.0000000000000000     
  -6.8357685397174572E-003
  -4.2909074132668756E-004   1.5512659084339742E-002   0.0000000000000000        0.0000000000000000     
  -1.5265898430786295E-003
  -3.2995060643291607E-003
  -7.8635042745376360E-003
  -2.5048543978833937E-003  -1.3312033346513097E-003   0.0000000000000000        0.0000000000000000     
   2.0533342564534873E-003   4.7722853433906476E-002   0.0000000000000000        0.0000000000000000     
  -8.3867285883798548E-004
   1.7197463391125378E-003   4.3041590179031086E-002   0.0000000000000000        0.0000000000000000     
  -1.1623445251962572E-004   1.7182555487780249E-002   0.0000000000000000        0.0000000000000000     
  -2.7689153250807230E-003
   2.4287336008121940E-004   2.2147750942283828E-002   0.0000000000000000        0.0000000000000000     
  -2.4382446126753887E-003
  -9.4313109288268748E-004
  -1.2464850091971069E-003
 0 0
