           8
 F F F F T          72           2   203.00000000000003       0.99999999997087552     
   1.1854312238170293        2.7873477824149475        0.0000000000000000        0.0000000000000000     
   1.2437180602730438        2.8056340112178928        0.0000000000000000        0.0000000000000000     
   1.1959234863997474        2.7906617794681772        0.0000000000000000        0.0000000000000000     
   1.2560336668874112        2.7743392705285062        0.0000000000000000        0.0000000000000000     
   1.1863314992976588        2.7688599214691387        0.0000000000000000        0.0000000000000000     
  0.87976159955629951     
   1.2482914573945560        2.8134981037941036        0.0000000000000000        0.0000000000000000     
   1.2538168271562387        2.7938794622368297        0.0000000000000000        0.0000000000000000     
   1.1808174055140843        2.7953560941271087        0.0000000000000000        0.0000000000000000     
  0.87219321970281527     
   1.2440085502596938        2.8204022587919715        0.0000000000000000        0.0000000000000000     
   1.1869087406480625        2.7635943637388687        0.0000000000000000        0.0000000000000000     
  0.88565622722304627     
  0.88359746723091692     
   1.1833495311899753        2.7949605012161665        0.0000000000000000        0.0000000000000000     
   1.2417138382292481        2.8055941981914776        0.0000000000000000        0.0000000000000000     
   1.2272133051040557        2.8341169501678882        0.0000000000000000        0.0000000000000000     
  0.87789456160612767     
   1.2443643184264070        2.8322822800930325        0.0000000000000000        0.0000000000000000     
   1.2498646695223843        2.8184582299785745        0.0000000000000000        0.0000000000000000     
   1.1855388845888903        2.7672608764535305        0.0000000000000000        0.0000000000000000     
  0.89262565794378024     
   1.2302262738898295        2.8334972631631579        0.0000000000000000        0.0000000000000000     
  0.90906391549145327     
  0.88441809395783122     
  0.87940494060824870     
   1.1870179623496955        2.7672153879424721        0.0000000000000000        0.0000000000000000     
   1.2385509949069808        2.8237173123306318        0.0000000000000000        0.0000000000000000     
  0.89686752230314415     
   1.2393514156374090        2.8387674629732009        0.0000000000000000        0.0000000000000000     
   1.2369047748371718        2.8226776178703341        0.0000000000000000        0.0000000000000000     
  0.89940352481740871     
   1.2348260345725985        2.8233326011346840        0.0000000000000000        0.0000000000000000     
  0.88480152491321795     
  0.89288458366405010     
  0.90571356071404874     
   1.1644141212118297        2.7864766843911344        0.0000000000000000        0.0000000000000000     
   1.2436212219939684        2.8686850977146428        0.0000000000000000        0.0000000000000000     
   1.1584475162498455        2.7765236809732752        0.0000000000000000        0.0000000000000000     
   1.2486271683906547        2.8614461964097258        0.0000000000000000        0.0000000000000000     
   1.1783063434357570        2.7777736256162120        0.0000000000000000        0.0000000000000000     
  0.90350817064441458     
   1.2404351803932498        2.9359857097425164        0.0000000000000000        0.0000000000000000     
   1.2434009956681096        2.9403769311198431        0.0000000000000000        0.0000000000000000     
   1.1722030127557252        2.7858242989418960        0.0000000000000000        0.0000000000000000     
  0.89342753599983293     
   1.2333709444580854        2.8470214351815510        0.0000000000000000        0.0000000000000000     
   1.1802640134207611        2.7592370058073046        0.0000000000000000        0.0000000000000000     
  0.91953521304278418     
  0.92349748744446691     
   1.1682525907593884        2.7752826520704446        0.0000000000000000        0.0000000000000000     
   1.2477676350928624        2.8644031824788123        0.0000000000000000        0.0000000000000000     
   1.2221110378891709        2.8566737847714165        0.0000000000000000        0.0000000000000000     
  0.90093233631229630     
   1.2397643555570932        2.8983251780920378        0.0000000000000000        0.0000000000000000     
   1.2440459598119473        2.9368596956864597        0.0000000000000000        0.0000000000000000     
   1.1835224078202944        2.7839916019397126        0.0000000000000000        0.0000000000000000     
  0.89930991182633868     
   1.2258340397664151        2.8449503420346942        0.0000000000000000        0.0000000000000000     
  0.90359108420366463     
  0.92190440245963989     
  0.92380528481063828     
   1.1698895147582613        2.7771325179058732        0.0000000000000000        0.0000000000000000     
   1.2480816370914645        2.8547118845091197        0.0000000000000000        0.0000000000000000     
  0.90015806904493201     
   1.2321649714404177        2.8941652094051391        0.0000000000000000        0.0000000000000000     
   1.2236426267321927        2.8717218735893995        0.0000000000000000        0.0000000000000000     
  0.90443230697860921     
   1.2212086166887355        2.8663089446788819        0.0000000000000000        0.0000000000000000     
  0.92451534824607873     
  0.90663170491794220     
  0.92155464968479173     
  -4.1237002349283625E-003  -1.5837209237172356E-002   0.0000000000000000        0.0000000000000000     
   5.5579015590268011E-003  0.11599473674936656        0.0000000000000000        0.0000000000000000     
  -4.4929656420302777E-003  -1.7557626715802854E-002   0.0000000000000000        0.0000000000000000     
   8.1109218761474811E-003  0.16091219137679813        0.0000000000000000        0.0000000000000000     
  -1.7883778067540046E-003   6.6591468621561845E-003   0.0000000000000000        0.0000000000000000     
  -6.7085432305604709E-003
   6.2272504728937417E-003  0.12678493752104814        0.0000000000000000        0.0000000000000000     
   7.9481315295630850E-003  0.15783322440155345        0.0000000000000000        0.0000000000000000     
  -4.1417837560115967E-003  -1.5504722373284707E-002   0.0000000000000000        0.0000000000000000     
  -9.3197345242977958E-003
   1.4124301468800837E-003   4.0443195511604468E-002   0.0000000000000000        0.0000000000000000     
  -2.4767306373474351E-003   7.6752228171095283E-004   0.0000000000000000        0.0000000000000000     
  -7.2627272333757320E-003
  -9.1356982645121043E-003
  -4.4637659870716551E-003  -1.7986368111045259E-002   0.0000000000000000        0.0000000000000000     
   5.4292902974919510E-003  0.11316844727675823        0.0000000000000000        0.0000000000000000     
   6.7190923742832531E-004   3.1634692723857771E-002   0.0000000000000000        0.0000000000000000     
  -2.3523616082838927E-003
   2.1108252291417440E-003   4.9698648701217429E-002   0.0000000000000000        0.0000000000000000     
   6.5713147288548601E-003  0.13424867657290918        0.0000000000000000        0.0000000000000000     
  -1.8720272019259188E-003   5.4746895580528587E-003   0.0000000000000000        0.0000000000000000     
  -6.5677609880688825E-003
  -2.4685159222337383E-004   1.8744698007541416E-002   0.0000000000000000        0.0000000000000000     
  -1.7621222932441283E-003
  -2.8843379927623314E-003
  -7.7301004804178897E-003
  -2.5403105686028216E-003  -2.7853190703419628E-004   0.0000000000000000        0.0000000000000000     
   1.5933083064478826E-003   4.3256930939574278E-002   0.0000000000000000        0.0000000000000000     
  -1.0392647291990187E-003
   1.8812839906690026E-003   4.5974835331285657E-002   0.0000000000000000        0.0000000000000000     
   4.6146970913496510E-004   2.8887075359798509E-002   0.0000000000000000        0.0000000000000000     
  -2.4788462583282822E-003
   9.9911317617218387E-005   2.2939543923227834E-002   0.0000000000000000        0.0000000000000000     
  -2.6635577745798278E-003
  -1.4762447671045065E-003
  -1.2808918495272881E-003
  -3.6523752290351652E-005  -1.6337052216064407E-004   0.0000000000000000        0.0000000000000000     
   3.8808905489684520E-005   7.4786936413406835E-004   0.0000000000000000        0.0000000000000000     
   2.7629335586087933E-006   7.0591042551804151E-005   0.0000000000000000        0.0000000000000000     
   7.0434618638648416E-005   1.3924410074190874E-003   0.0000000000000000        0.0000000000000000     
  -1.8710456747950133E-005  -9.4171149624511230E-005   0.0000000000000000        0.0000000000000000     
  -4.3608222926150297E-005
   2.0479600646439167E-006   9.3317911308954393E-005   0.0000000000000000        0.0000000000000000     
   3.6614368701393118E-006   1.0173872898544545E-004   0.0000000000000000        0.0000000000000000     
  -4.4499402848785508E-005  -1.7483262941375699E-004   0.0000000000000000        0.0000000000000000     
  -8.0622063288404711E-005
   1.1022617620426445E-005   1.9165914613683555E-004   0.0000000000000000        0.0000000000000000     
   6.4226199869565903E-006   1.3920320415916621E-004   0.0000000000000000        0.0000000000000000     
  -5.8757574825651915E-006
  -6.0179872590770955E-006
   1.8813464697231552E-006   1.2137342993323585E-005   0.0000000000000000        0.0000000000000000     
   6.5313522468191110E-005   1.2930480906425679E-003   0.0000000000000000        0.0000000000000000     
  -5.8668007163475977E-006  -2.9614154892332323E-005   0.0000000000000000        0.0000000000000000     
  -1.1292269304963298E-005
  -2.6048315633353525E-006   1.2967280372144785E-005   0.0000000000000000        0.0000000000000000     
  -2.7541017053600569E-006   3.6566603833776412E-007   0.0000000000000000        0.0000000000000000     
  -3.2554849594745860E-005  -1.1518206672844755E-004   0.0000000000000000        0.0000000000000000     
  -7.4759347438058121E-005
   6.5629250793897143E-006   1.3434283344482267E-004   0.0000000000000000        0.0000000000000000     
   2.0868410970376061E-006
  -9.0700759070028170E-007
   3.5100187513181780E-006
   9.6342297319917947E-006   1.5086781786655123E-004   0.0000000000000000        0.0000000000000000     
   3.0693240708590253E-005   5.8326456198543042E-004   0.0000000000000000        0.0000000000000000     
  -7.7013193686692460E-006
  -1.5061073975086714E-005  -1.0846406756392923E-004   0.0000000000000000        0.0000000000000000     
  -1.8159091149660966E-005  -7.8254577251080093E-005   0.0000000000000000        0.0000000000000000     
  -3.4283300433202157E-005
   2.7358836655944074E-005   4.8491125159300097E-004   0.0000000000000000        0.0000000000000000     
   1.1978341085461253E-005
   5.3515305254991929E-006
  -2.8544134501595764E-005
 0 0
