# Duschinsky Rotation Analysis
#
# Total reorganization energy (parallel mode): 3434454.1053 meV
# Total reorganization energy (cation modes):  1.6217 meV
#
# Mode comparison:
# Mode  Freq_N(cm-1)  Freq_C(cm-1)  D_N        D_C        lambda_N(meV)  lambda_C(meV)  S_N       S_C       Max_J
    8      -5041.76         80.48    -39.4721     6.4377    11186.5570         0.0758   -17.8957    0.0076    0.282
    9      -3987.45         92.55   -120.0138    -6.5323    64685.2369         0.1032  -130.8409    0.0090    0.261
   10      -3849.75        122.62      9.4973     1.2586      377.5867         0.0067    -0.7911    0.0004    0.313
   11      -3606.96        146.67   -136.8774     0.8923    68849.2330         0.0048  -153.9540    0.0003    0.342
   12      -3090.21        174.87     -7.6039     3.6035      155.9548         0.1122    -0.4070    0.0052    0.364
   13      -2805.12        231.59    149.2906     0.5784    49535.7571         0.0051  -142.4300    0.0002    0.293
   14      -2729.35        243.69   -107.0378    -0.0491    24107.0290         0.0000   -71.2391    0.0000    0.350
   15      -2668.45        267.99    -68.8525    -0.4379     9534.7288         0.0039   -28.8193    0.0001    0.255
   16      -2650.14        268.50     84.4259    -0.6031    14139.7321         0.0074   -43.0334    0.0002    0.294
   17      -2459.07        336.99   -101.7348     0.0887    17677.9759         0.0003   -57.9823    0.0000    0.363
   18      -2002.09        356.75     94.0222    -0.4302    10008.7422         0.0067   -40.3209    0.0002    0.252
   19      -1900.98        368.44    -90.3256    -0.2037     8327.7653         0.0016   -35.3333    0.0000    0.513
   20      -1676.91        425.96     45.9148     0.3001     1674.4601         0.0046    -8.0538    0.0001    0.358
   21      -1473.63        437.98    115.9608    -0.0791     8248.0001         0.0003   -45.1435    0.0000    0.430
   22      -1324.38        447.21    121.2092     0.2492     7278.6357         0.0035   -44.3272    0.0001    0.290
   23      -1259.52        454.41    -76.1891    -0.2155     2601.0353         0.0027   -16.6562    0.0000    0.421
   24       -948.37        458.01    -73.7011     0.2249     1379.9214         0.0030   -11.7358    0.0001    0.281
   25       -839.45        489.93     27.8019     0.1043      153.8467         0.0007    -1.4782    0.0000    0.392
   26       -661.77        494.35   -156.9869    -0.0172     3048.5054         0.0000   -37.1549    0.0000    0.229
   27       -628.63        511.94    -14.3770    -0.2560       23.0714         0.0049    -0.2960    0.0001    0.388
   28       -612.36        523.25    -13.3500     0.0121       18.8766         0.0000    -0.2486    0.0000    0.291
   29       -198.28        590.85    -31.4272     0.2055       10.9684         0.0042    -0.4462    0.0001    0.322
   30       -117.62        611.87     47.8812    -0.3946        8.9585         0.0165    -0.6143    0.0002    0.275
   31        199.29        632.50      8.3371     0.2511        0.7798         0.0071     0.0316    0.0001    0.300
   32        324.68        633.13    -18.5324    -0.2171       10.2262         0.0053     0.2540    0.0001    0.355
   33        344.70        672.13     37.9129     0.0063       48.2411         0.0000     1.1288    0.0000    0.613
   34        383.26        720.21   -215.1193     0.0179     1919.9734         0.0000    40.4052    0.0000    0.467
   35        402.17        728.20   -179.5046    -0.5322     1472.0191         0.0424    29.5217    0.0005    0.319
   36        440.16        732.33    234.6454     0.2704     3012.9343         0.0111    55.2098    0.0001    0.334
   37        454.19        740.62    117.7474     0.0052      807.8634         0.0000    14.3460    0.0000    0.352
   38        483.94        746.34     26.0582     0.0608       44.9192         0.0006     0.7486    0.0000    0.393
   39        531.05        752.59     98.8568    -0.0013      778.4584         0.0000    11.8232    0.0000    0.350
   40        581.79        784.52    339.5252    -0.8744    11021.2482         0.1329   152.7908    0.0014    0.413
   41        616.88        785.29      3.1762    -1.4920        1.0843         0.3877     0.0142    0.0040    0.443
   42        664.09        816.68     75.0493    -0.0740      701.6078         0.0010     8.5212    0.0000    0.360
   43        752.34        818.76    332.9547    -0.2185    17723.6650         0.0090   190.0078    0.0001    0.558
   44        804.01        835.51     11.9836    -0.1005       26.2213         0.0020     0.2630    0.0000    0.278
   45        843.42        839.62    218.2605    -0.5521     9571.7769         0.0607    91.5337    0.0006    0.355
   46        900.75        848.18     75.8406     0.0529     1318.1581         0.0006    11.8031    0.0000    0.304
   47        925.84        851.07     92.7332     0.0199     2082.0517         0.0001    18.1381    0.0000    0.304
   48        956.07        858.03    108.7371    -0.0426     3052.7265         0.0004    25.7532    0.0000    0.418
   49        980.75        863.34     22.7104    -0.1412      140.1248         0.0042     1.1524    0.0000    0.376
   50       1032.84        872.51    120.5492    -0.0178     4378.7520         0.0001    34.1939    0.0000    0.325
   51       1069.81        886.55     37.4348     0.1817      453.0162         0.0073     3.4154    0.0001    0.455
   52       1085.90        913.17    125.4257     0.0398     5239.6721         0.0004    38.9178    0.0000    0.586
   53       1093.71        914.27     32.9710     0.0248      367.3022         0.0001     2.7087    0.0000    0.545
   54       1124.06        914.79    -44.5098     0.0288      707.0406         0.0002     5.0733    0.0000    0.500
   55       1188.28        915.95     82.3432    -0.0144     2704.2425         0.0000    18.3552    0.0000    0.332
   56       1217.43        917.39   -125.7455     0.3515     6619.4846         0.0294    43.8545    0.0003    0.422
   57       1276.98        926.06    124.5308    -0.0637     7142.8480         0.0010    45.1151    0.0000    0.262
   58       1296.30        937.29     63.9986     0.0476     1944.0419         0.0006    12.0958    0.0000    0.253
   59       1306.94       1067.30     52.6319    -0.6444     1336.4877         0.1336     8.2479    0.0010    0.376
   60       1351.68       1067.90    -26.4869    -0.4186      362.0456         0.0564     2.1603    0.0004    0.429
   61       1365.15       1135.55     -7.9293     0.0177       33.0964         0.0001     0.1955    0.0000    0.358
   62       1425.30       1136.52    -23.3502    -0.0606      312.8584         0.0013     1.7704    0.0000    0.367
   63       1440.03       1140.63     -6.8392     0.2057       27.3971         0.0156     0.1534    0.0001    0.310
   64       1478.40       1147.62    -25.0695    -0.1786      387.9966         0.0119     2.1167    0.0001    0.379
   65       1492.37       1156.10    -18.7088     0.0901      220.1904         0.0031     1.1900    0.0000    0.420
   66       1564.16       1156.55    -78.7717    -0.0416     4288.0101         0.0007    22.1110    0.0000    0.420
   67       1603.90       1187.73    -47.8930     0.0671     1666.6750         0.0018     8.3812    0.0000    0.333
   68       1624.94       1189.48     37.8640     0.0716     1069.2519         0.0020     5.3073    0.0000    0.293
   69       1637.67       1247.13    -59.6431    -0.0065     2694.7780         0.0000    13.2718    0.0000    0.414
   70       1652.73       1252.11     30.7112    -0.0087      727.6978         0.0000     3.5513    0.0000    0.259
   71       1689.00       1257.20    -70.0338    -0.0485     3952.0954         0.0010    18.8726    0.0000    0.254
   72       1713.58       1259.84    -36.7189     0.0291     1118.2502         0.0004     5.2634    0.0000    0.293
   73       1777.03       1347.75     33.7794    -0.0141     1017.7576         0.0001     4.6194    0.0000    0.297
   74       1817.96       1362.32    -95.3984     0.0075     8495.7787         0.0000    37.6923    0.0000    0.324
   75       1851.71       1368.63     -5.5986     0.0487       30.3567         0.0013     0.1322    0.0000    0.416
   76       1864.46       1395.67   -143.8545    -0.0367    20319.2093         0.0007    87.8995    0.0000    0.288
   77       1895.85       1440.72     -3.3237     0.0416       11.2151         0.0010     0.0477    0.0000    0.434
   78       1963.86       1444.97     54.0101    -0.0165     3177.7777         0.0002    13.0511    0.0000    0.284
   79       2081.49       1471.98    -93.1428     0.0509    10616.9018         0.0016    41.1394    0.0000    0.292
   80       2091.87       1494.05    -33.6554    -0.0927     1400.0063         0.0054     5.3980    0.0000    0.419
   81       2232.18       1501.83      9.2146     0.1169      119.4994         0.0087     0.4318    0.0000    0.472
   82       2387.25       1504.87      5.2878    -0.2383       45.0085         0.0363     0.1521    0.0002    0.380
   83       2419.08       1523.59     98.2587    -0.0206    15958.6248         0.0003    53.2082    0.0000    0.374
   84       2513.42       1541.88     64.3563    -0.0595     7390.3342         0.0024    23.7155    0.0000    0.376
   85       2946.28       1543.03    -29.8013    -0.0849     2177.5707         0.0048     5.9612    0.0000    0.368
   86       3055.90       1591.93     14.1530    -0.0783      528.3562         0.0044     1.3945    0.0000    0.359
   87       3099.65       1618.04    -71.3751    -0.1135    13825.1822         0.0095    35.9742    0.0000    0.406
   88       3152.31       1624.05    109.5653    -0.0505    33694.1902         0.0019    86.2105    0.0000    0.511
   89       3361.86       1653.07      7.5567     0.0391      182.2935         0.0012     0.4373    0.0000    0.345
   90       3500.03       1654.54    -48.3865    -0.1479     8101.0894         0.0169    18.6683    0.0001    0.374
   91       3523.62       1659.77    134.6764    -0.0433    63608.3140         0.0015   145.5989    0.0000    0.379
   92       3660.37       1704.56    -74.7018    -0.0153    21118.5640         0.0002    46.5343    0.0000    0.483
   93       3945.96       1725.26     66.8873    -0.0128    19676.3851         0.0001    40.2185    0.0000    0.516
   94       4450.89       1736.55     -7.7913     0.0436      339.6812         0.0016     0.6155    0.0000    0.415
   95       4697.10       3014.35   -147.6124    -0.0177   135786.6651         0.0008   233.1638    0.0000    0.598
   96       4945.61       3016.40    126.1798    -0.0310   109994.8296         0.0025   179.3848    0.0000    0.507
   97       5053.40       3018.65     76.5969     0.1504    42319.6296         0.0582    67.5447    0.0002    0.657
   98       5759.98       3020.46   -147.8895     0.0050   204959.7395         0.0001   286.9995    0.0000    0.419
   99       7529.18       3021.32    -68.9958     0.1570    76224.0883         0.0636    81.6541    0.0002    0.444
  100       8411.31       3022.00     97.1958     0.0340   188787.9675         0.0030   181.0274    0.0000    0.408
  101       9805.96       3022.12     45.2642    -0.0817    55647.1918         0.0172    45.7706    0.0000    0.377
  102       9959.10       3023.04     41.7045    -0.0367    48725.6629         0.0035    39.4613    0.0000    0.476
  103      11357.03       3023.90    -25.2626    -0.0385    23250.7891         0.0038    16.5123    0.0000    0.469
  104      11900.12       3026.26    175.6710    -0.0391  1234396.4028         0.0040   836.6369    0.0000    0.341
  105      13871.93       3030.80     43.4212    -0.0253   102477.6252         0.0017    59.5835    0.0000    0.524
  106      14213.02       3031.10     44.2840     0.0111   111897.0299         0.0003    63.4988    0.0000    0.515
  107      14244.16       3032.92   -107.1379    -0.0822   657827.6776         0.0175   372.4852    0.0000    0.581
  108      14766.79       3033.74    -42.0365     0.1317   108837.3995         0.0451    59.4464    0.0001    0.803
