# call_index  Electronic(H)         Repulsive(H)          Total(H)
       0        -86.5098378762          0.8248933857        -85.6849444905
       1        -86.5045414301          0.8151635019        -85.6893779282
       2        -86.4918775074          0.7953547312        -85.6965227762
       3        -86.4782582716          0.7788284121        -85.6994298596
       4        -86.4688776869          0.7713658641        -85.6975118228
       5        -86.4667362370          0.7712589215        -85.6954773155
       6        -86.4726713855          0.7750212045        -85.6976501810
       7        -86.4859336974          0.7828702965        -85.7030634009
       8        -86.5046435414          0.7993030249        -85.7053405165
       9        -86.5242121757          0.8227739006        -85.7014382751
      10        -86.5376464354          0.8414253340        -85.6962211014
      11        -86.5388561455          0.8416068255        -85.6972493201
      12        -86.5273496001          0.8234821499        -85.7038674501
      13        -86.5082809869          0.8004550396        -85.7078259472
      14        -86.4881051206          0.7839414063        -85.7041637143
      15        -86.4717965141          0.7759561988        -85.6958403153
      16        -86.4624800625          0.7728518873        -85.6896281752
      17        -86.4615982934          0.7720902419        -85.6895080515
      18        -86.4694430521          0.7770041900        -85.6924388621
      19        -86.4846892450          0.7929981964        -85.6916910486
      20        -86.5027033872          0.8163864872        -85.6863169000
      21        -86.5167277784          0.8337894390        -85.6829383394
      22        -86.5219268200          0.8342382246        -85.6876885954
      23        -86.5194338199          0.8231692186        -85.6962646014
      24        -86.5144472710          0.8142511563        -85.7001961147
      25        -86.5120046658          0.8150328019        -85.6969718639
      26        -86.5150255093          0.8230024427        -85.6920230666
      27        -86.5243631247          0.8321616920        -85.6922014328
      28        -86.5394409993          0.8402470618        -85.6991939374
      29        -86.5590377373          0.8525370596        -85.7065006777
      30        -86.5801778683          0.8735456360        -85.7066322323
      31        -86.5968666674          0.8966518487        -85.7002148187
      32        -86.6020460507          0.9067555615        -85.6952904891
      33        -86.5922508281          0.8950520731        -85.6971987549
      34        -86.5705927667          0.8696402259        -85.7009525407
      35        -86.5435584329          0.8441007145        -85.6994577185
      36        -86.5171047063          0.8248749603        -85.6922297460
      37        -86.4952096498          0.8095087285        -85.6857009214
      38        -86.4801318128          0.7938503983        -85.6862814145
      39        -86.4732952095          0.7796643068        -85.6936309027
      40        -86.4751423768          0.7748373032        -85.7003050736
      41        -86.4832369350          0.7825818007        -85.7006551343
      42        -86.4918522316          0.7946379648        -85.6972142669
      43        -86.4943219648          0.7964426640        -85.6978793009
      44        -86.4881666395          0.7836067544        -85.7045598851
      45        -86.4767348783          0.7668709483        -85.7098639300
      46        -86.4653547222          0.7578475851        -85.7075071371
      47        -86.4582397202          0.7590415009        -85.6991982193
      48        -86.4576658780          0.7652794872        -85.6923863908
      49        -86.4645246659          0.7718777198        -85.6926469461
      50        -86.4789891386          0.7809656788        -85.6980234598
      51        -86.4998022864          0.7984888895        -85.7013133970
      52        -86.5226836193          0.8238022775        -85.6988813418
      53        -86.5408060028          0.8457290342        -85.6950769686
      54        -86.5478311033          0.8504684990        -85.6973626043
      55        -86.5429108645          0.8379615696        -85.7049492949
      56        -86.5307143586          0.8213202736        -85.7093940850
      57        -86.5170260181          0.8114865228        -85.7055394953
      58        -86.5061455086          0.8095293578        -85.6966161508
      59        -86.5004962831          0.8102846466        -85.6902116364
      60        -86.5013780991          0.8107487099        -85.6906293892
      61        -86.5094157843          0.8144972591        -85.6949185252
      62        -86.5235892742          0.8267460079        -85.6968432662
      63        -86.5400199301          0.8453500113        -85.6946699188
      64        -86.5527376516          0.8590842485        -85.6936534031
      65        -86.5568822059          0.8573182664        -85.6995639396
      66        -86.5527722942          0.8436478653        -85.7091244289
      67        -86.5447689518          0.8307715302        -85.7139974215
      68        -86.5373228343          0.8265937317        -85.7107291026
      69        -86.5328975885          0.8289603275        -85.7039372611
      70        -86.5321157643          0.8315146122        -85.7006011521
      71        -86.5349081149          0.8320753245        -85.7028327904
      72        -86.5407021534          0.8345627108        -85.7061394427
      73        -86.5475371679          0.8425532273        -85.7049839406
      74        -86.5514098408          0.8518905998        -85.6995192411
      75        -86.5471904383          0.8511387791        -85.6960516592
      76        -86.5323788601          0.8335828965        -85.6987959637
      77        -86.5095010360          0.8057710599        -85.7037299761
      78        -86.4838067034          0.7795024252        -85.7043042783
      79        -86.4603509764          0.7612909348        -85.6990600416
      80        -86.4424653594          0.7493120162        -85.6931533432
      81        -86.4320151193          0.7395783856        -85.6924367337
      82        -86.4301698917          0.7329936042        -85.6971762875
      83        -86.4366593132          0.7343865445        -85.7022727687
      84        -86.4487487672          0.7457093299        -85.7030394373
      85        -86.4612673589          0.7609302769        -85.7003370820
      86        -86.4684261166          0.7689410250        -85.6994850916
      87        -86.4677599437          0.7652645010        -85.7024954427
      88        -86.4615915193          0.7564764115        -85.7051151078
      89        -86.4544891073          0.7517385603        -85.7027505471
      90        -86.4505852644          0.7545014908        -85.6960837736
      91        -86.4521452103          0.7615549263        -85.6905902840
      92        -86.4600891585          0.7695266316        -85.6905625269
      93        -86.4744669745          0.7798464942        -85.6946204802
      94        -86.4935418943          0.7955399262        -85.6980019681
      95        -86.5132437447          0.8154737816        -85.6977699630
      96        -86.5275788081          0.8309597038        -85.6966191044
      97        -86.5312947824          0.8316060306        -85.6996887518
      98        -86.5236584089          0.8169808817        -85.7066775272
      99        -86.5086747763          0.7969993740        -85.7116754023
     100        -86.4919825693          0.7820107446        -85.7099718247
     101        -86.4782382162          0.7752236429        -85.7030145733
     102        -86.4700690491          0.7735734297        -85.6964956194
     103        -86.4688547715          0.7748449516        -85.6940098199
     104        -86.4748884603          0.7807908023        -85.6940976580
     105        -86.4863638897          0.7932143758        -85.6931495139
     106        -86.4992854314          0.8093516093        -85.6899338221
     107        -86.5080362079          0.8201523128        -85.6878838951
     108        -86.5082114084          0.8173582285        -85.6908531798
     109        -86.5000077377          0.8034635187        -85.6965442190
     110        -86.4876688931          0.7887815986        -85.6988872945
     111        -86.4764052850          0.7812461530        -85.6951591321
     112        -86.4700414200          0.7810517429        -85.6889896770
     113        -86.4701709859          0.7838057741        -85.6863652119
     114        -86.4771657548          0.7884843280        -85.6886814268
     115        -86.4898706534          0.7977630020        -85.6921076515
     116        -86.5049410044          0.8126522342        -85.6922887703
     117        -86.5171451304          0.8280046941        -85.6891404363
     118        -86.5205150494          0.8329067365        -85.6876083128
     119        -86.5116502945          0.8200980141        -85.6915522804
     120        -86.4924684658          0.7947062031        -85.6977622628
     121        -86.4687114344          0.7688246401        -85.6998867943
     122        -86.4466516664          0.7506565446        -85.6959951218
     123        -86.4308560550          0.7401466849        -85.6907093702
     124        -86.4238576765          0.7340459953        -85.6898116812
     125        -86.4270932214          0.7337038760        -85.6933893454
     126        -86.4399237924          0.7429173250        -85.6970064674
     127        -86.4590179307          0.7624032538        -85.6966146769
     128        -86.4787731254          0.7859541778        -85.6928189476
     129        -86.4926679027          0.8017276598        -85.6909402429
     130        -86.4968103916          0.8024745093        -85.6943358823
     131        -86.4922461506          0.7926676797        -85.6995784709
     132        -86.4831522130          0.7817953337        -85.7013568793
     133        -86.4741288465          0.7752370202        -85.6988918263
     134        -86.4684864715          0.7717173746        -85.6967690969
     135        -86.4684960196          0.7693882067        -85.6991078128
     136        -86.4756313430          0.7710544264        -85.7045769166
     137        -86.4889813023          0.7800078610        -85.7089734414
     138        -86.5051547819          0.7962219366        -85.7089328453
     139        -86.5187719542          0.8131522257        -85.7056197285
     140        -86.5243742865          0.8204028016        -85.7039714849
     141        -86.5197837972          0.8133983382        -85.7063854590
     142        -86.5074731874          0.7979061178        -85.7095670695
     143        -86.4922562885          0.7827216861        -85.7095346024
     144        -86.4790416951          0.7728130031        -85.7062286920
     145        -86.4715461229          0.7685037544        -85.7030423685
     146        -86.4723506098          0.7700077875        -85.7023428223
     147        -86.4824340157          0.7790461631        -85.7033878526
     148        -86.5001186219          0.7961027464        -85.7040158754
     149        -86.5214261273          0.8188408744        -85.7025852529
     150        -86.5405680000          0.8399593422        -85.7006086578
     151        -86.5517523662          0.8499484971        -85.7018038692
     152        -86.5525807595          0.8462442820        -85.7063364775
     153        -86.5448284143          0.8347400519        -85.7100883624
     154        -86.5322129120          0.8223495519        -85.7098633602
     155        -86.5186185921          0.8120451284        -85.7065734637
     156        -86.5071190477          0.8034364198        -85.7036826279
     157        -86.5002159096          0.7972736621        -85.7029422475
     158        -86.4990468964          0.7956746772        -85.7033722192
     159        -86.5026187825          0.8001354201        -85.7024833624
     160        -86.5079497844          0.8092546299        -85.6986951545
     161        -86.5103028245          0.8160963475        -85.6942064770
     162        -86.5052777017          0.8119782599        -85.6932994418
     163        -86.4919677923          0.7958025453        -85.6961652470
     164        -86.4732143171          0.7739418461        -85.6992724710
     165        -86.4534519121          0.7533436462        -85.7001082660
     166        -86.4371518373          0.7377080274        -85.6994438099
     167        -86.4277785505          0.7281147106        -85.6996638399
     168        -86.4275356769          0.7259260919        -85.7016095850
     169        -86.4364410898          0.7322008615        -85.7042402283
     170        -86.4523573023          0.7472750234        -85.7050822789
     171        -86.4711210401          0.7683768920        -85.7027441481
     172        -86.4868889768          0.7874001775        -85.6994887993
     173        -86.4945459908          0.7959256126        -85.6986203783
     174        -86.4925772522          0.7928385848        -85.6997386674
     175        -86.4830469779          0.7832026538        -85.6998443241
     176        -86.4699669127          0.7725244163        -85.6974424963
     177        -86.4576408627          0.7634621185        -85.6941787442
     178        -86.4497217265          0.7570706188        -85.6926511077
     179        -86.4487606331          0.7551616833        -85.6935989498
     180        -86.4552779146          0.7597319901        -85.6955459245
     181        -86.4677926109          0.7722185143        -85.6955740966
     182        -86.4827650563          0.7901355210        -85.6926295354
     183        -86.4949255173          0.8049906190        -85.6899348984
     184        -86.4999716733          0.8089061623        -85.6910655109
     185        -86.4972961088          0.8024628158        -85.6948332931
     186        -86.4894715511          0.7918480517        -85.6976234994
     187        -86.4807199893          0.7831194617        -85.6976005276
     188        -86.4752770831          0.7788443413        -85.6964327418
     189        -86.4763326952          0.7792397272        -85.6970929680
     190        -86.4853225842          0.7844574239        -85.7008651603
     191        -86.5014507638          0.7954016961        -85.7060490677
     192        -86.5221833369          0.8138324054        -85.7083509315
     193        -86.5430093458          0.8371373769        -85.7058719689
     194        -86.5581113498          0.8564166959        -85.7016946539
     195        -86.5631406328          0.8631487452        -85.6999918876
     196        -86.5573665358          0.8562358766        -85.7011306591
     197        -86.5433549123          0.8411670989        -85.7021878134
     198        -86.5254956703          0.8248622670        -85.7006334034
     199        -86.5080492758          0.8109697043        -85.6970795715
     200        -86.4941933257          0.7999325022        -85.6942608235
     201        -86.4854153184          0.7910699538        -85.6943453646
     202        -86.4813186891          0.7847314584        -85.6965872306
     203        -86.4800657813          0.7826640268        -85.6974017545
     204        -86.4781718607          0.7832741553        -85.6948977054
     205        -86.4713925666          0.7799824895        -85.6914100771
     206        -86.4571105640          0.7666309981        -85.6904795658
     207        -86.4361346808          0.7436558359        -85.6924788449
     208        -86.4124214174          0.7176924911        -85.6947289263
     209        -86.3912981102          0.6963262416        -85.6949718686
     210        -86.3773564485          0.6833100500        -85.6940463985
     211        -86.3735062601          0.6788736625        -85.6946325977
     212        -86.3803417430          0.6819843034        -85.6983574396
     213        -86.3964357634          0.6932176083        -85.7032181551
     214        -86.4188934301          0.7144801802        -85.7044132499
     215        -86.4431255094          0.7432013629        -85.6999241465
     216        -86.4638287124          0.7707281084        -85.6931006040
     217        -86.4771796145          0.7878834792        -85.6892961353
     218        -86.4828233975          0.7925873698        -85.6902360277
     219        -86.4838716179          0.7907334582        -85.6931381597
     220        -86.4847920525          0.7899043525        -85.6948877000
     221        -86.4891278867          0.7934283654        -85.6956995213
     222        -86.4984905177          0.8000993219        -85.6983911957
     223        -86.5121941344          0.8072178759        -85.7049762586
     224        -86.5282189554          0.8151415770        -85.7130773784
     225        -86.5438156587          0.8266385464        -85.7171771123
     226        -86.5551337904          0.8403384674        -85.7147953230
     227        -86.5581844162          0.8489173079        -85.7092671084
     228        -86.5509404443          0.8449602484        -85.7059801959
     229        -86.5352250316          0.8287793906        -85.7064456410
     230        -86.5162775850          0.8087001031        -85.7075774819
     231        -86.5001724819          0.7940789100        -85.7060935719
     232        -86.4913046273          0.7891066007        -85.7021980266
     233        -86.4914115486          0.7925927685        -85.6988187801
     234        -86.4995175616          0.8010615148        -85.6984560468
     235        -86.5134121518          0.8138639703        -85.6995481815
     236        -86.5300675195          0.8317555847        -85.6983119349
     237        -86.5453617295          0.8513373413        -85.6940243881
     238        -86.5547439427          0.8638655175        -85.6908784252
     239        -86.5553768986          0.8622413846        -85.6931355140
     240        -86.5482191007          0.8487375972        -85.6994815035
     241        -86.5371996346          0.8326382345        -85.7045614000
     242        -86.5266239661          0.8218386677        -85.7047852983
     243        -86.5192835992          0.8177360930        -85.7015475063
     244        -86.5158058163          0.8165226959        -85.6992831205
     245        -86.5149456570          0.8140727250        -85.7008729321
     246        -86.5151341990          0.8115591087        -85.7035750903
     247        -86.5144012384          0.8118323390        -85.7025688994
     248        -86.5096936530          0.8120285407        -85.6976651123
     249        -86.4979014651          0.8036236943        -85.6942777708
     250        -86.4783449296          0.7815067886        -85.6968381409
     251        -86.4544923460          0.7513294429        -85.7031629030
     252        -86.4323705450          0.7252746029        -85.7070959421
     253        -86.4174522495          0.7122149481        -85.7052373014
     254        -86.4129932052          0.7133923905        -85.6996008147
     255        -86.4194399724          0.7243343195        -85.6951056529
     256        -86.4350273952          0.7406440263        -85.6943833689
     257        -86.4570617832          0.7625694995        -85.6944922837
     258        -86.4813791816          0.7894696552        -85.6919095264
     259        -86.5023178994          0.8142614045        -85.6880564949
     260        -86.5144334830          0.8262187494        -85.6882147336
     261        -86.5158421809          0.8217264238        -85.6941157571
     262        -86.5093460537          0.8082914170        -85.7010546367
     263        -86.5000385618          0.7968872930        -85.7031512688
     264        -86.4924931865          0.7934827450        -85.6990104415
     265        -86.4894007640          0.7971472485        -85.6922535155
     266        -86.4913261726          0.8035695377        -85.6877566349
     267        -86.4974156407          0.8104997824        -85.6869158582
     268        -86.5062814005          0.8202939868        -85.6859874136
     269        -86.5150540696          0.8329344400        -85.6821196296
     270        -86.5193783448          0.8413124970        -85.6780658477
     271        -86.5158852537          0.8368109557        -85.6790742980
     272        -86.5053707025          0.8199215634        -85.6854491391
     273        -86.4925361741          0.8002750115        -85.6922611626
     274        -86.4829915349          0.7878258898        -85.6951656452
     275        -86.4807466585          0.7863316143        -85.6944150441
     276        -86.4873637740          0.7938824076        -85.6934813664
     277        -86.5020033690          0.8068328410        -85.6951705280
     278        -86.5223209319          0.8239154637        -85.6984054682
     279        -86.5449501345          0.8455449071        -85.6994052274
     280        -86.5649790998          0.8677641464        -85.6972149534
     281        -86.5767889512          0.8811179681        -85.6956709830
     282        -86.5768318674          0.8785207615        -85.6983111059
     283        -86.5661773064          0.8633171304        -85.7028601760
     284        -86.5492462657          0.8448254463        -85.7044208194
     285        -86.5311669323          0.8299188344        -85.7012480979
     286        -86.5158084419          0.8194222513        -85.6963861905
     287        -86.5051959226          0.8110873523        -85.6941085703
     288        -86.4994180465          0.8035381591        -85.6958798874
     289        -86.4973517602          0.7988987089        -85.6984530513
     290        -86.4969086259          0.7998253028        -85.6970833231
     291        -86.4945794971          0.8028779831        -85.6917015140
     292        -86.4866442134          0.7991741545        -85.6874700589
     293        -86.4720609176          0.7837496241        -85.6883112935
     294        -86.4539645289          0.7617190788        -85.6922454501
     295        -86.4377331688          0.7429767212        -85.6947564476
     296        -86.4284328221          0.7344650408        -85.6939677813
     297        -86.4290192403          0.7368115384        -85.6922077019
     298        -86.4396599641          0.7462051804        -85.6934547838
     299        -86.4581570841          0.7589194995        -85.6992375846
     300        -86.4810647768          0.7745582804        -85.7065064964
     301        -86.5040929302          0.7933047717        -85.7107881585
     302        -86.5221629989          0.8106906092        -85.7114723897
     303        -86.5309210770          0.8189871715        -85.7119339055
     304        -86.5293711496          0.8154165024        -85.7139546472
     305        -86.5203823384          0.8050653164        -85.7153170220
     306        -86.5088148535          0.7958763317        -85.7129385218
     307        -86.4994032213          0.7926489381        -85.7067542832
     308        -86.4952152504          0.7949718441        -85.7002434063
     309        -86.4970439373          0.7996405102        -85.6974034271
     310        -86.5039123864          0.8050925294        -85.6988198570
     311        -86.5139584182          0.8133830862        -85.7005753320
     312        -86.5241443705          0.8248144835        -85.6993298870
     313        -86.5305301428          0.8340381145        -85.6964920283
     314        -86.5302856416          0.8340980551        -85.6961875865
     315        -86.5238532423          0.8242535835        -85.6995996587
     316        -86.5148825851          0.8111558778        -85.7037267073
     317        -86.5081065019          0.8031295310        -85.7049769708
     318        -86.5070554427          0.8041641958        -85.7028912469
     319        -86.5126624316          0.8120235872        -85.7006388445
     320        -86.5233717865          0.8216797261        -85.7016920604
     321        -86.5362883157          0.8304715552        -85.7058167605
     322        -86.5482270679          0.8392686555        -85.7089584125
     323        -86.5555731641          0.8474816022        -85.7080915620
     324        -86.5547573400          0.8501709691        -85.7045863709
     325        -86.5438649696          0.8416508148        -85.7022141548
     326        -86.5242149119          0.8215879331        -85.7026269788
     327        -86.5000905611          0.7959821940        -85.7041083671
     328        -86.4770004985          0.7731739164        -85.7038265821
     329        -86.4593406556          0.7582160985        -85.7011245571
     330        -86.4488041843          0.7504163506        -85.6983878337
     331        -86.4444259400          0.7459804765        -85.6984454635
     332        -86.4442659155          0.7437343380        -85.7005315775
     333        -86.4462285954          0.7451200711        -85.7011085243
     334        -86.4476512741          0.7489373968        -85.6987138773
     335        -86.4458281393          0.7499816739        -85.6958464654
     336        -86.4396030943          0.7437758217        -85.6958272726
     337        -86.4304734370          0.7316881457        -85.6987852913
     338        -86.4221252677          0.7205797840        -85.7015454837
     339        -86.4186401281          0.7179831899        -85.7006569382
     340        -86.4224554359          0.7263998423        -85.6960555936
     341        -86.4334094787          0.7419572764        -85.6914522023
     342        -86.4492876077          0.7588363043        -85.6904513034
     343        -86.4674676501          0.7754646413        -85.6920030088
     344        -86.4853324034          0.7933000178        -85.6920323856
     345        -86.4995923792          0.8104735800        -85.6891187992
     346        -86.5069502802          0.8207561818        -85.6861940984
     347        -86.5059746411          0.8192981634        -85.6866764777
     348        -86.4980832508          0.8074796544        -85.6906035963
     349        -86.4870553577          0.7923230753        -85.6947322824
     350        -86.4774402750          0.7816761654        -85.6957641096
     351        -86.4724259994          0.7784334163        -85.6939925831
     352        -86.4726747236          0.7795312282        -85.6931434954
     353        -86.4774102576          0.7817853621        -85.6956248955
     354        -86.4858189488          0.7870150443        -85.6988039045
     355        -86.4964315378          0.7971852617        -85.6992462762
     356        -86.5066240409          0.8093468604        -85.6972771805
     357        -86.5135622308          0.8168237638        -85.6967384670
     358        -86.5160618103          0.8157431335        -85.7003186768
     359        -86.5152224197          0.8086606950        -85.7065617248
     360        -86.5137909246          0.8028611460        -85.7109297785
     361        -86.5144719805          0.8044658847        -85.7100060958
     362        -86.5182358133          0.8129708680        -85.7052649453
     363        -86.5239964112          0.8222635373        -85.7017328739
     364        -86.5301577258          0.8281394939        -85.7020182319
     365        -86.5356416055          0.8324799724        -85.7031616331
     366        -86.5387915533          0.8369243539        -85.7018671994
     367        -86.5370163371          0.8383322106        -85.6986841265
     368        -86.5282332449          0.8312405852        -85.6969926597
     369        -86.5125277142          0.8135419364        -85.6989857778
     370        -86.4924621188          0.7892454912        -85.7032166276
     371        -86.4721726581          0.7662912817        -85.7058813763
     372        -86.4554945187          0.7506587340        -85.7048357847
     373        -86.4443902164          0.7422892562        -85.7021009602
     374        -86.4389959410          0.7377098652        -85.7012860758
     375        -86.4389838387          0.7365121985        -85.7024716401
     376        -86.4435756615          0.7408968646        -85.7026787969
     377        -86.4507825507          0.7505081859        -85.7002743648
     378        -86.4576998777          0.7607333605        -85.6969665172
     379        -86.4621770648          0.7668744619        -85.6953026029
     380        -86.4639033239          0.7680798442        -85.6958234798
     381        -86.4643124546          0.7677946554        -85.6965177992
     382        -86.4658503693          0.7711822203        -85.6946681490
     383        -86.4702205325          0.7797466997        -85.6904738329
     384        -86.4772881850          0.7894459280        -85.6878422570
     385        -86.4857799893          0.7956393369        -85.6901406524
     386        -86.4947504555          0.7995558601        -85.6951945954
     387        -86.5031421916          0.8046583468        -85.6984838448
     388        -86.5090562471          0.8108516346        -85.6982046125
     389        -86.5104067247          0.8141076673        -85.6962990574
     390        -86.5065709004          0.8112905698        -85.6952803306
     391        -86.4989597273          0.8030788307        -85.6958808966
     392        -86.4906332499          0.7940729593        -85.6965602906
     393        -86.4853308746          0.7902891216        -85.6950417530
     394        -86.4855328325          0.7938239599        -85.6917088727
     395        -86.4913809617          0.8011846945        -85.6901962672
     396        -86.5017897693          0.8087804908        -85.6930092785
     397        -86.5159013133          0.8184515456        -85.6974497677
     398        -86.5322995986          0.8324430514        -85.6998565472
     399        -86.5483522908          0.8486671989        -85.6996850919
     400        -86.5612873379          0.8623401966        -85.6989471413
     401        -86.5697123532          0.8706965423        -85.6990158109
     402        -86.5736870590          0.8739862641        -85.6997007948
     403        -86.5745180812          0.8751631267        -85.6993549545
     404        -86.5739051767          0.8770278731        -85.6968773036
     405        -86.5727062851          0.8788412616        -85.6938650236
     406        -86.5707015671          0.8773047766        -85.6933967905
     407        -86.5678257919          0.8723881798        -85.6954376120
     408        -86.5643011815          0.8675747167        -85.6967264648
     409        -86.5594557640          0.8640121253        -85.6954436387
     410        -86.5517524910          0.8586425735        -85.6931099175
     411        -86.5403142869          0.8482024127        -85.6921118742
     412        -86.5257769216          0.8324884026        -85.6932885190
     413        -86.5098744686          0.8141791272        -85.6956953413
     414        -86.4953450524          0.7984964736        -85.6968485788
     415        -86.4846966512          0.7891056149        -85.6955910363
     416        -86.4788276926          0.7844347758        -85.6943929168
     417        -86.4772954074          0.7804088509        -85.6968865565
     418        -86.4798401901          0.7773799958        -85.7024601943
     419        -86.4860335408          0.7784790212        -85.7075545196
     420        -86.4942999132          0.7843687506        -85.7099311626
     421        -86.5021909256          0.7921307223        -85.7100602033
     422        -86.5076711115          0.7984331779        -85.7092379335
     423        -86.5097060915          0.8014798168        -85.7082262746
     424        -86.5083839818          0.8018251570        -85.7065588248
     425        -86.5047952720          0.8018666408        -85.7029286312
     426        -86.4999363004          0.8021954484        -85.6977408520
     427        -86.4940010385          0.7998140368        -85.6941870017
     428        -86.4871349400          0.7921921022        -85.6949428378
     429        -86.4805058760          0.7819928345        -85.6985130415
     430        -86.4751281277          0.7731385994        -85.7019895283
     431        -86.4708633996          0.7664284464        -85.7044349532
     432        -86.4667730755          0.7598050358        -85.7069680398
     433        -86.4626369193          0.7526466446        -85.7099902746
     434        -86.4591782733          0.7466050025        -85.7125732708
     435        -86.4579873051          0.7454039839        -85.7125833212
     436        -86.4609744819          0.7526532995        -85.7083211824
     437        -86.4688565827          0.7672353852        -85.7016211975
     438        -86.4805651246          0.7831039996        -85.6974611249
     439        -86.4949360861          0.7969089597        -85.6980271265
     440        -86.5115358043          0.8112451895        -85.7002906147
     441        -86.5291809371          0.8281511410        -85.7010297961
     442        -86.5453226843          0.8449711159        -85.7003515684
     443        -86.5569174709          0.8561491897        -85.7007682813
     444        -86.5621290664          0.8586942036        -85.7034348628
     445        -86.5608229693          0.8539624949        -85.7068604744
     446        -86.5547258982          0.8474113849        -85.7073145133
     447        -86.5461759517          0.8436654570        -85.7025104947
     448        -86.5364329412          0.8414558590        -85.6949770822
     449        -86.5254547621          0.8353497302        -85.6901050320
     450        -86.5136730480          0.8243551266        -85.6893179214
     451        -86.5022138948          0.8131282564        -85.6890856384
     452        -86.4913032109          0.8046252050        -85.6866780059
     453        -86.4798726933          0.7963372113        -85.6835354820
     454        -86.4669911268          0.7840904629        -85.6829006639
     455        -86.4531580352          0.7673284629        -85.6858295724
     456        -86.4404629554          0.7503819303        -85.6900810251
     457        -86.4320632000          0.7403311760        -85.6917320239
     458        -86.4303407907          0.7405623260        -85.6897784647
     459        -86.4354656974          0.7474458918        -85.6880198056
     460        -86.4459895713          0.7554382513        -85.6905513200
     461        -86.4607072062          0.7654094882        -85.6952977179
     462        -86.4781176224          0.7812784743        -85.6968391481
     463        -86.4952446362          0.8023017056        -85.6929429306
     464        -86.5078808878          0.8208823530        -85.6869985348
     465        -86.5128322156          0.8292078085        -85.6836244071
     466        -86.5091498137          0.8245573225        -85.6845924912
     467        -86.4984712371          0.8110303517        -85.6874408854
     468        -86.4842132960          0.7960264575        -85.6881868385
     469        -86.4694997609          0.7829071893        -85.6865925717
     470        -86.4559060945          0.7688927270        -85.6870133675
     471        -86.4444273085          0.7519883322        -85.6924389763
     472        -86.4366563801          0.7374721046        -85.6991842754
     473        -86.4331935719          0.7314413044        -85.7017522676
     474        -86.4326074410          0.7335694157        -85.6990380253
     475        -86.4324599316          0.7374797907        -85.6949801409
     476        -86.4315577056          0.7379944711        -85.6935632345
     477        -86.4308890832          0.7355768229        -85.6953122603
     478        -86.4334636708          0.7365807525        -85.6968829184
     479        -86.4422082191          0.7466933444        -85.6955148747
     480        -86.4580589284          0.7652702943        -85.6927886341
     481        -86.4794310237          0.7862695185        -85.6931615052
     482        -86.5040795211          0.8067166008        -85.6973629203
     483        -86.5301229985          0.8296561164        -85.7004668822
     484        -86.5547041090          0.8563798572        -85.6983242518
     485        -86.5736188589          0.8811491127        -85.6924697462
     486        -86.5830580921          0.8948705015        -85.6881875906
     487        -86.5818105170          0.8930749302        -85.6887355869
     488        -86.5716377853          0.8785696141        -85.6930681712
     489        -86.5564853030          0.8594051100        -85.6970801930
     490        -86.5402147721          0.8416707662        -85.6985440059
     491        -86.5250149425          0.8254310894        -85.6995838531
     492        -86.5114897706          0.8078079165        -85.7036818541
     493        -86.5008099387          0.7920074256        -85.7088025131
     494        -86.4942148934          0.7847433799        -85.7094715135
     495        -86.4911350370          0.7872418543        -85.7038931826
     496        -86.4894027715          0.7932895098        -85.6961132617
     497        -86.4871644255          0.7954876424        -85.6916767831
     498        -86.4843391370          0.7916429833        -85.6926961537
     499        -86.4826604444          0.7857293330        -85.6969311114
     500        -86.4846994618          0.7841134756        -85.7005859862
     501        -86.4920906663          0.7895635019        -85.7025271644
     502        -86.5045117156          0.7993980373        -85.7051136783
     503        -86.5204732969          0.8105059094        -85.7099673875
     504        -86.5388919872          0.8255281152        -85.7133638720
     505        -86.5578333297          0.8469311477        -85.7109021821
     506        -86.5734396755          0.8699304648        -85.7035092107
     507        -86.5809474633          0.8838263707        -85.6971210926
     508        -86.5774170650          0.8811343622        -85.6962827029
     509        -86.5632913899          0.8633000985        -85.6999912913
     510        -86.5417013496          0.8382094551        -85.7034918945
     511        -86.5167026101          0.8131478063        -85.7035548038
     512        -86.4917393847          0.7902308211        -85.7015085637
     513        -86.4688917576          0.7673009379        -85.7015908197
     514        -86.4507123291          0.7470052487        -85.7037070805
     515        -86.4401838502          0.7376408431        -85.7025430071
     516        -86.4378170218          0.7418254558        -85.6959915660
     517        -86.4413499664          0.7533097052        -85.6880402612
     518        -86.4474036071          0.7629217461        -85.6844818609
     519        -86.4541197897          0.7679297131        -85.6861900766
     520        -86.4615484269          0.7726931317        -85.6888552952
     521        -86.4704290046          0.7823250191        -85.6881039855
     522        -86.4812663848          0.7976229195        -85.6836434653
     523        -86.4939354612          0.8147807304        -85.6791547308
     524        -86.5080861415          0.8298727061        -85.6782134354
     525        -86.5246856290          0.8457803288        -85.6789053003
     526        -86.5443436220          0.8669871063        -85.6773565157
     527        -86.5649322076          0.8907507962        -85.6741814114
     528        -86.5820462845          0.9077744897        -85.6742717948
     529        -86.5912771914          0.9105318184        -85.6807453729
     530        -86.5908703016          0.9004186712        -85.6904516305
     531        -86.5816121776          0.8843064640        -85.6973057136
     532        -86.5655954659          0.8674630724        -85.6981323935
     533        -86.5457308577          0.8511389995        -85.6945918582
     534        -86.5249992910          0.8337682845        -85.6912310065
     535        -86.5066324771          0.8158241400        -85.6908083371
     536        -86.4945870234          0.8039943186        -85.6905927048
     537        -86.4911835005          0.8034693777        -85.6877141228
     538        -86.4956025580          0.8115088184        -85.6840937396
     539        -86.5047692329          0.8202794719        -85.6844897610
     540        -86.5154798175          0.8249740475        -85.6905057700
     541        -86.5260270819          0.8281025851        -85.6979244968
     542        -86.5354675132          0.8341246559        -85.7013428573
     543        -86.5430030182          0.8438527780        -85.6991502402
     544        -86.5482682369          0.8539446124        -85.6943236244
     545        -86.5510849300          0.8591421482        -85.6919427818
     546        -86.5524005739          0.8586687461        -85.6937318278
     547        -86.5541632197          0.8581832447        -85.6959799750
     548        -86.5566952666          0.8607929094        -85.6959023572
     549        -86.5577946013          0.8623032205        -85.6954913808
     550        -86.5541002821          0.8555498213        -85.6985504608
     551        -86.5438088158          0.8390634690        -85.7047453468
     552        -86.5276271148          0.8183417090        -85.7092854058
     553        -86.5072236307          0.7980687798        -85.7091548509
     554        -86.4847897361          0.7789193896        -85.7058703465
     555        -86.4631185620          0.7596304192        -85.7034881428
     556        -86.4453653069          0.7403178569        -85.7050474501
     557        -86.4353627635          0.7264084082        -85.7089543553
     558        -86.4359684191          0.7249646243        -85.7110037948
     559        -86.4467439705          0.7362625021        -85.7104814684
     560        -86.4640972400          0.7533592174        -85.7107380226
     561        -86.4834475559          0.7693229868        -85.7141245691
     562        -86.5019122218          0.7844018514        -85.7175103704
     563        -86.5182863954          0.8025744111        -85.7157119843
     564        -86.5317395178          0.8239504388        -85.7077890790
     565        -86.5420216589          0.8441868396        -85.6978348193
     566        -86.5498674903          0.8587636552        -85.6911038352
     567        -86.5566328782          0.8662906659        -85.6903422123
     568        -86.5641673622          0.8707867521        -85.6933806101
     569        -86.5731656571          0.8769662502        -85.6961994069
     570        -86.5816811367          0.8835059024        -85.6981752343
     571        -86.5858772957          0.8840796142        -85.7017976815
     572        -86.5823611661          0.8743608153        -85.7080003508
     573        -86.5704848492          0.8573327366        -85.7131521125
     574        -86.5518028144          0.8386208224        -85.7131819920
     575        -86.5287653625          0.8203356963        -85.7084296662
     576        -86.5047559620          0.8019156676        -85.7028402944
     577        -86.4837393950          0.7835792772        -85.7001601178
     578        -86.4695306432          0.7684102237        -85.7011204196
     579        -86.4653589878          0.7632690576        -85.7020899302
     580        -86.4718255787          0.7720237726        -85.6998018061
     581        -86.4857768786          0.7901294577        -85.6956474209
     582        -86.5016192180          0.8078540433        -85.6937651747
     583        -86.5142582833          0.8187958791        -85.6954624042
     584        -86.5212338363          0.8240540112        -85.6971798251
     585        -86.5218459442          0.8261150194        -85.6957309248
     586        -86.5164027746          0.8243704002        -85.6920323744
     587        -86.5064111510          0.8168649399        -85.6895462111
     588        -86.4945892416          0.8042141735        -85.6903750682
     589        -86.4841303014          0.7907854532        -85.6933448482
     590        -86.4776670087          0.7831483062        -85.6945187025
     591        -86.4754311567          0.7835213739        -85.6919097828
     592        -86.4747251387          0.7866269212        -85.6880982175
     593        -86.4715751861          0.7844063027        -85.6871688834
     594        -86.4634254076          0.7740046918        -85.6894207158
     595        -86.4504211528          0.7596910112        -85.6907301416
     596        -86.4341893050          0.7458774694        -85.6883118357
     597        -86.4170741208          0.7331843320        -85.6838897888
     598        -86.4023928518          0.7212528967        -85.6811399551
     599        -86.3939717657          0.7118246764        -85.6821470892
     600        -86.3951400050          0.7094093178        -85.6857306873
     601        -86.4076897341          0.7195134714        -85.6881762627
     602        -86.4301182340          0.7422662420        -85.6878519919
     603        -86.4576214724          0.7705422777        -85.6870791947
     604        -86.4839519361          0.7947234605        -85.6892284756
     605        -86.5045478965          0.8106294466        -85.6939184499
     606        -86.5178024495          0.8205050677        -85.6972973818
     607        -86.5238842932          0.8263731561        -85.6975111371
     608        -86.5242565267          0.8277200780        -85.6965364486
     609        -86.5217892029          0.8245342815        -85.6972549214
     610        -86.5199995039          0.8193697143        -85.7006297896
     611        -86.5220299876          0.8172093985        -85.7048205890
     612        -86.5291681343          0.8222358967        -85.7069322377
     613        -86.5393073437          0.8322187512        -85.7070885925
     614        -86.5476579484          0.8392958703        -85.7083620781
     615        -86.5492074824          0.8363642125        -85.7128432700
     616        -86.5417167655          0.8240054930        -85.7177112725
     617        -86.5262070153          0.8083065351        -85.7179004802
     618        -86.5054165766          0.7931144603        -85.7123021163
     619        -86.4832759710          0.7786281344        -85.7046478366
     620        -86.4648082131          0.7655760000        -85.6992322131
     621        -86.4551230877          0.7580020447        -85.6971210430
     622        -86.4578989600          0.7620237570        -85.6958752030
     623        -86.4735064143          0.7804154767        -85.6930909377
     624        -86.4980653189          0.8081790911        -85.6898862278
     625        -86.5247390923          0.8349070043        -85.6898320880
     626        -86.5466316727          0.8522192297        -85.6944124430
     627        -86.5596818036          0.8596387565        -85.7000430471
     628        -86.5627939554          0.8606188181        -85.7021751374
     629        -86.5567195532          0.8561741568        -85.7005453964
     630        -86.5440827858          0.8454265697        -85.6986562160
     631        -86.5292997301          0.8300986710        -85.6992010591
     632        -86.5171414758          0.8153944865        -85.7017469892
     633        -86.5109960409          0.8076855404        -85.7033105004
     634        -86.5109041136          0.8086860125        -85.7022181012
     635        -86.5132714786          0.8129755311        -85.7002959475
     636        -86.5128509562          0.8122415493        -85.7006094069
     637        -86.5058272737          0.8025119976        -85.7033152761
     638        -86.4918206765          0.7872957789        -85.7045248977
     639        -86.4728168114          0.7710941121        -85.7017226993
     640        -86.4517844695          0.7546785486        -85.6971059208
     641        -86.4328592493          0.7381810528        -85.6946781965
     642        -86.4210592660          0.7252419791        -85.6958172869
     643        -86.4207142404          0.7223137560        -85.6984004843
     644        -86.4337556484          0.7347010818        -85.6990545665
     645        -86.4581221377          0.7611289645        -85.6969931732
     646        -86.4880594669          0.7932562236        -85.6948032433
     647        -86.5164324345          0.8212977833        -85.6951346512
     648        -86.5378284299          0.8408478558        -85.6969805741
     649        -86.5500024264          0.8531706535        -85.6968317729
     650        -86.5529154056          0.8588522369        -85.6940631687
     651        -86.5482830513          0.8563829529        -85.6919000984
     652        -86.5398533366          0.8466447159        -85.6932086207
     653        -86.5325629326          0.8351313158        -85.6974316169
     654        -86.5307909134          0.8298280268        -85.7009628866
     655        -86.5365486634          0.8362319519        -85.7003167115
     656        -86.5481421451          0.8523514573        -85.6957906878
     657        -86.5608401746          0.8695896245        -85.6912505502
     658        -86.5695109391          0.8797208197        -85.6897901194
     659        -86.5713901074          0.8812615512        -85.6901285561
     660        -86.5666487038          0.8776035880        -85.6890451159
     661        -86.5569232943          0.8700710544        -85.6868522399
     662        -86.5450815831          0.8580400204        -85.6870415627
     663        -86.5353673143          0.8439885048        -85.6913788095
     664        -86.5320699316          0.8342397623        -85.6978301693
     665        -86.5377639985          0.8357000937        -85.7020639047
     666        -86.5518425654          0.8505786773        -85.7012638881
     667        -86.5699249860          0.8729752623        -85.6969497237
     668        -86.5851015744          0.8916246748        -85.6934768996
     669        -86.5908678500          0.8975124569        -85.6933553931
     670        -86.5839358623          0.8895528337        -85.6943830286
     671        -86.5645770231          0.8711855132        -85.6933915099
     672        -86.5351069879          0.8437408168        -85.6913661712
     673        -86.4997908927          0.8081512720        -85.6916396206
     674        -86.4647512066          0.7697426384        -85.6950085683
     675        -86.4362687758          0.7376427343        -85.6986260415
     676        -86.4187378250          0.7201379944        -85.6985998307
     677        -86.4130214134          0.7191700671        -85.6938513463
     678        -86.4160797659          0.7281687053        -85.6879110606
     679        -86.4226858678          0.7368734287        -85.6858124391
     680        -86.4283505740          0.7395778443        -85.6887727297
     681        -86.4311416916          0.7382834088        -85.6928582828
     682        -86.4310572616          0.7365163321        -85.6945409295
     683        -86.4289273047          0.7339104998        -85.6950168049
     684        -86.4270352636          0.7298165484        -85.6972187152
     685        -86.4291325870          0.7276709949        -85.7014615921
     686        -86.4386896253          0.7336209788        -85.7050686465
     687        -86.4571182221          0.7522313112        -85.7048869109
     688        -86.4824361856          0.7817505982        -85.7006855874
     689        -86.5092068056          0.8127697329        -85.6964370728
     690        -86.5307004683          0.8340109107        -85.6966895576
     691        -86.5421284971          0.8406844805        -85.7014440166
     692        -86.5423923413          0.8365330539        -85.7058592874
     693        -86.5329647336          0.8262229474        -85.7067417862
     694        -86.5169296158          0.8112671511        -85.7056624648
     695        -86.4992869383          0.7941404291        -85.7051465093
     696        -86.4861380108          0.7807059019        -85.7054321089
     697        -86.4823657896          0.7778084559        -85.7045573337
     698        -86.4899062550          0.7890423233        -85.7008639317
     699        -86.5066047722          0.8108102993        -85.6957944729
     700        -86.5266556868          0.8329472980        -85.6937083888
     701        -86.5432954819          0.8458907216        -85.6974047603
     702        -86.5519423097          0.8476192029        -85.7043231068
     703        -86.5512250609          0.8422711717        -85.7089538891
     704        -86.5419249791          0.8328257929        -85.7090991862
     705        -86.5267606411          0.8199473568        -85.7068132842
     706        -86.5106098099          0.8062538033        -85.7043560066
     707        -86.4990240373          0.7968333087        -85.7021907287
     708        -86.4960033814          0.7965591012        -85.6994442801
     709        -86.5021704625          0.8063375198        -85.6958329427
     710        -86.5140808850          0.8209278125        -85.6931530725
     711        -86.5253298948          0.8309642440        -85.6943656508
     712        -86.5296600860          0.8298327545        -85.6998273315
     713        -86.5237735895          0.8182317491        -85.7055418403
     714        -86.5078297800          0.8008169529        -85.7070128271
     715        -86.4840818114          0.7796389094        -85.7044429020
     716        -86.4569048818          0.7558795880        -85.7010252938
     717        -86.4324164319          0.7335232812        -85.6988931507
     718        -86.4164786540          0.7186337357        -85.6978449183
     719        -86.4126743701          0.7163158291        -85.6963585409
     720        -86.4208726426          0.7270736810        -85.6937989615
     721        -86.4369583989          0.7449844428        -85.6919739562
     722        -86.4543186929          0.7607196884        -85.6935990045
     723        -86.4670243202          0.7686267130        -85.6983976072
     724        -86.4723919040          0.7705116156        -85.7018802884
     725        -86.4707128821          0.7701124204        -85.7006004617
     726        -86.4640586378          0.7678775100        -85.6961811278
     727        -86.4562928552          0.7639823914        -85.6923104638
     728        -86.4522870924          0.7614478445        -85.6908392479
     729        -86.4559931253          0.7651130670        -85.6908800583
     730        -86.4687101741          0.7781749608        -85.6905352133
     731        -86.4882012653          0.7989700697        -85.6892311956
     732        -86.5090023551          0.8199559063        -85.6890464488
     733        -86.5244213322          0.8319826252        -85.6924387070
     734        -86.5299409910          0.8318113073        -85.6981296836
     735        -86.5249284123          0.8236223260        -85.7013060863
     736        -86.5114992957          0.8113623295        -85.7001369662
     737        -86.4935483522          0.7958314809        -85.6977168713
     738        -86.4768158448          0.7792378615        -85.6975779833
     739        -86.4675206614          0.7672896291        -85.7002310323
     740        -86.4700652656          0.7665937163        -85.7034715492
     741        -86.4851863931          0.7801415428        -85.7050448504
     742        -86.5094769849          0.8044547467        -85.7050222382
     743        -86.5364205758          0.8303908538        -85.7060297220
     744        -86.5590634757          0.8491956240        -85.7098678517
     745        -86.5731645864          0.8590780996        -85.7140864869
     746        -86.5778405973          0.8633126469        -85.7145279503
     747        -86.5741901185          0.8629682746        -85.7112218440
     748        -86.5649368175          0.8568887603        -85.7080480572
     749        -86.5545149497          0.8469017417        -85.7076132080
     750        -86.5476163197          0.8386287701        -85.7089875496
     751        -86.5469206375          0.8377013157        -85.7092193218
     752        -86.5516731916          0.8452058610        -85.7064673306
     753        -86.5578405163          0.8559977774        -85.7018427389
     754        -86.5594068960          0.8606744974        -85.6987323986
     755        -86.5513342689          0.8526208026        -85.6987134663
     756        -86.5322875396          0.8334561844        -85.6988313552
     757        -86.5040711224          0.8078400840        -85.6962310384
     758        -86.4700713453          0.7773824128        -85.6926889325
     759        -86.4354506841          0.7436455479        -85.6918051361
     760        -86.4068095728          0.7124502068        -85.6943593659
     761        -86.3901011704          0.6921281938        -85.6979729766
     762        -86.3883570123          0.6887376659        -85.6996193464
     763        -86.4004526428          0.7019395550        -85.6985130877
     764        -86.4216654347          0.7249474344        -85.6967180003
     765        -86.4453271533          0.7481116603        -85.6972154930
     766        -86.4659916024          0.7662875401        -85.6997040623
     767        -86.4809463672          0.7802362261        -85.7007101411
     768        -86.4893867658          0.7904898509        -85.6988969148
     769        -86.4918841739          0.7947901135        -85.6970940605
     770        -86.4908651321          0.7925839012        -85.6982812309
     771        -86.4904117792          0.7886973151        -85.7017144641
     772        -86.4942541048          0.7901084992        -85.7041456056
     773        -86.5037607228          0.8004899977        -85.7032707251
     774        -86.5171674068          0.8171520370        -85.7000153698
     775        -86.5302401743          0.8325928246        -85.6976473496
     776        -86.5382438181          0.8395956327        -85.6986481855
     777        -86.5389811930          0.8383489894        -85.7006322036
     778        -86.5331361334          0.8335586662        -85.6995774672
     779        -86.5228444483          0.8274208447        -85.6954236036
     780        -86.5111908910          0.8191703151        -85.6920205758
     781        -86.5025816829          0.8110748855        -85.6915067974
     782        -86.5017688161          0.8098633088        -85.6919055073
     783        -86.5114576813          0.8213071121        -85.6901505692
     784        -86.5306621172          0.8445509301        -85.6861111871
     785        -86.5549054912          0.8716553181        -85.6832501731
     786        -86.5780687925          0.8924400776        -85.6856287149
     787        -86.5953102638          0.9027171600        -85.6925931038
     788        -86.6043315652          0.9053428072        -85.6989887580
     789        -86.6041628996          0.9028287318        -85.7013341678
     790        -86.5947123011          0.8936211498        -85.7010911513
     791        -86.5771792125          0.8750521090        -85.7021271035
     792        -86.5549524040          0.8500808187        -85.7048715853
     793        -86.5324333236          0.8262337188        -85.7061996049
     794        -86.5128262789          0.8091536782        -85.7036726008
     795        -86.4968483086          0.7981496750        -85.6986986335
     796        -86.4831861967          0.7881818687        -85.6950043280
     797        -86.4701643432          0.7757800155        -85.6943843277
     798        -86.4568738414          0.7621453505        -85.6947284909
     799        -86.4430409056          0.7501532503        -85.6928876554
     800        -86.4287325598          0.7402704268        -85.6884621330
     801        -86.4143532088          0.7293784056        -85.6849748033
     802        -86.4015196149          0.7156685509        -85.6858510640
     803        -86.3936073337          0.7036474436        -85.6899598901
     804        -86.3939832200          0.7004789949        -85.6935042251
     805        -86.4038315839          0.7092163489        -85.6946152350
     806        -86.4213970358          0.7262723918        -85.6951246441
     807        -86.4433763051          0.7458653659        -85.6975109392
     808        -86.4666239059          0.7650991925        -85.7015247134
     809        -86.4885541864          0.7838141582        -85.7047400282
     810        -86.5069573631          0.8016709005        -85.7052864626
     811        -86.5199563780          0.8157848156        -85.7041715624
     812        -86.5261673474          0.8214449781        -85.7047223693
     813        -86.5259816402          0.8177460518        -85.7082355884
     814        -86.5220528189          0.8104898372        -85.7115629817
     815        -86.5174187171          0.8063749808        -85.7110437363
     816        -86.5136843042          0.8069698636        -85.7067144406
     817        -86.5106630351          0.8085761997        -85.7020868354
     818        -86.5080706360          0.8088636606        -85.6992069754
     819        -86.5060691515          0.8087527789        -85.6973163726
     820        -86.5047634309          0.8098270161        -85.6949364148
     821        -86.5041992557          0.8122905934        -85.6919086623
     822        -86.5041498281          0.8137439206        -85.6904059075
     823        -86.5042533590          0.8109877852        -85.6932655737
     824        -86.5053988719          0.8058277380        -85.6995711340
     825        -86.5097091015          0.8053390069        -85.7043700946
     826        -86.5185998084          0.8145846614        -85.7040151470
     827        -86.5314998249          0.8316887067        -85.6998111182
     828        -86.5462298217          0.8502759044        -85.6959539173
     829        -86.5605634166          0.8661148140        -85.6944486026
     830        -86.5723301761          0.8775280706        -85.6948021055
     831        -86.5793057581          0.8836001595        -85.6957055985
     832        -86.5796012593          0.8829369107        -85.6966643486
     833        -86.5718760446          0.8730488406        -85.6988272040
     834        -86.5557677114          0.8520542793        -85.7037134321
     835        -86.5332357545          0.8237691207        -85.7094666338
     836        -86.5079883532          0.7961454517        -85.7118429015
     837        -86.4834347112          0.7745043771        -85.7089303342
     838        -86.4615134869          0.7582243281        -85.7032891588
     839        -86.4432506496          0.7444660121        -85.6987846374
     840        -86.4295706970          0.7328301616        -85.6967405353
     841        -86.4207068807          0.7241364796        -85.6965704011
     842        -86.4162584379          0.7192642984        -85.6969941395
     843        -86.4153920066          0.7177612129        -85.6976307937
     844        -86.4168988991          0.7169352082        -85.6999636909
     845        -86.4198454042          0.7143280656        -85.7055173386
     846        -86.4249027086          0.7129554807        -85.7119472280
     847        -86.4334191163          0.7184181206        -85.7150009956
     848        -86.4456009661          0.7323428162        -85.7132581498
     849        -86.4599963451          0.7505523011        -85.7094440440
     850        -86.4746558968          0.7679219805        -85.7067339164
     851        -86.4880026005          0.7822169096        -85.7057856910
     852        -86.4985523185          0.7932493900        -85.7053029286
     853        -86.5050029340          0.8015596278        -85.7034433062
     854        -86.5063646701          0.8067829979        -85.6995816723
     855        -86.5019670870          0.8065275648        -85.6954395222
     856        -86.4923295322          0.7994704383        -85.6928590939
     857        -86.4800740549          0.7894550212        -85.6906190337
     858        -86.4683488112          0.7813734047        -85.6869754065
     859        -86.4591413025          0.7764524391        -85.6826888634
     860        -86.4528901427          0.7722694994        -85.6806206434
     861        -86.4498251063          0.7680405999        -85.6817845064
     862        -86.4502043786          0.7653353102        -85.6848690684
     863        -86.4538375603          0.7657915755        -85.6880459848
     864        -86.4602933980          0.7703186597        -85.6899747383
     865        -86.4690564089          0.7784935919        -85.6905628169
     866        -86.4793674193          0.7880435014        -85.6913239180
     867        -86.4911775486          0.7983016987        -85.6928758499
     868        -86.5055020989          0.8121258478        -85.6933762510
     869        -86.5228480464          0.8310518899        -85.6917961565
     870        -86.5420920493          0.8519740310        -85.6901180183
     871        -86.5608781808          0.8695325357        -85.6913456451
     872        -86.5769345786          0.8813361223        -85.6955984563
     873        -86.5881218837          0.8873271794        -85.7007947043
     874        -86.5923651134          0.8876494479        -85.7047156655
     875        -86.5883865333          0.8822804278        -85.7061061055
     876        -86.5760180038          0.8705946600        -85.7054233438
     877        -86.5559775347          0.8511941540        -85.7047833807
     878        -86.5309114878          0.8265237107        -85.7043877771
     879        -86.5049042892          0.8027817803        -85.7021225089
     880        -86.4812526672          0.7836856343        -85.6975670329
     881        -86.4614223527          0.7679865015        -85.6934358513
     882        -86.4457792166          0.7532881898        -85.6924910268
     883        -86.4346905969          0.7405307713        -85.6941598256
     884        -86.4280943929          0.7317905743        -85.6963038185
     885        -86.4253442749          0.7281494900        -85.6971947849
     886        -86.4259231919          0.7297475606        -85.6961756314
     887        -86.4294124729          0.7349559223        -85.6944565506
     888        -86.4354672585          0.7411333641        -85.6943338944
     889        -86.4447320567          0.7490889418        -85.6956431148
     890        -86.4579898182          0.7613880544        -85.6966017637
     891        -86.4746542722          0.7777291669        -85.6969251053
     892        -86.4928343682          0.7946021298        -85.6982322384
     893        -86.5103598905          0.8095206891        -85.7008392015
     894        -86.5255271971          0.8223355137        -85.7031916834
     895        -86.5365468900          0.8323637651        -85.7041831249
     896        -86.5419796492          0.8383334659        -85.7036461834
     897        -86.5417043364          0.8397310096        -85.7019733268
     898        -86.5367900590          0.8360912022        -85.7006988568
     899        -86.5295353389          0.8281909118        -85.7013444271
     900        -86.5234883265          0.8205837850        -85.7029045415
     901        -86.5216225308          0.8177197220        -85.7039028087
     902        -86.5247488116          0.8201043907        -85.7046444210
     903        -86.5318248958          0.8255478267        -85.7062770691
     904        -86.5415432493          0.8334605561        -85.7080826932
     905        -86.5526570064          0.8441449990        -85.7085120074
     906        -86.5636428712          0.8563183220        -85.7073245492
     907        -86.5732846924          0.8681612314        -85.7051234609
     908        -86.5812144911          0.8788025593        -85.7024119317
     909        -86.5873107511          0.8870427003        -85.7002680507
     910        -86.5920780149          0.8930651947        -85.6990128202
     911        -86.5967840322          0.8999738187        -85.6968102135
     912        -86.6018791577          0.9091560357        -85.6927231221
     913        -86.6062463762          0.9181328400        -85.6881135362
     914        -86.6079831688          0.9232364375        -85.6847467313
     915        -86.6057546586          0.9233729114        -85.6823817472
     916        -86.5985314463          0.9179330655        -85.6805983808
     917        -86.5852505854          0.9047922180        -85.6804583674
     918        -86.5655722843          0.8823462802        -85.6832260041
     919        -86.5406197029          0.8516685435        -85.6889511595
     920        -86.5124875787          0.8154753529        -85.6970122258
     921        -86.4847526713          0.7799030010        -85.7048496703
     922        -86.4614954955          0.7523731416        -85.7091223539
     923        -86.4451649115          0.7358088671        -85.7093560444
     924        -86.4359915813          0.7281025602        -85.7078890211
     925        -86.4330413339          0.7266957952        -85.7063455387
     926        -86.4352374294          0.7313040767        -85.7039333526
     927        -86.4410170231          0.7408791307        -85.7001378923
     928        -86.4484848879          0.7522788829        -85.6962060050
     929        -86.4562163341          0.7621627948        -85.6940535394
     930        -86.4637019593          0.7688310747        -85.6948708846
     931        -86.4709405555          0.7722187466        -85.6987218088
     932        -86.4789600427          0.7761075882        -85.7028524545
     933        -86.4888780829          0.7848548134        -85.7040232695
     934        -86.5003526112          0.7982424675        -85.7021101437
     935        -86.5116627921          0.8121423709        -85.6995204211
     936        -86.5209517196          0.8233557053        -85.6975960143
     937        -86.5269569237          0.8314033694        -85.6955535543
     938        -86.5286729070          0.8357727739        -85.6929001331
     939        -86.5254576871          0.8348597016        -85.6905979855
     940        -86.5177278428          0.8276771973        -85.6900506454
     941        -86.5069316258          0.8146768954        -85.6922547304
     942        -86.4957791772          0.7992965254        -85.6964826518
     943        -86.4880622485          0.7884380853        -85.6996241632
     944        -86.4865023264          0.7863321352        -85.7001701912
     945        -86.4915197926          0.7916177405        -85.6999020521
     946        -86.5017435831          0.8003735561        -85.7013700269
     947        -86.5153569197          0.8111154738        -85.7042414459
     948        -86.5303450445          0.8242505454        -85.7060944991
     949        -86.5440903342          0.8382891226        -85.7058012116
     950        -86.5536975123          0.8491409183        -85.7045565940
     951        -86.5574446126          0.8535697328        -85.7038748798
     952        -86.5551455252          0.8507014676        -85.7044440576
     953        -86.5486637585          0.8439458710        -85.7047178875
     954        -86.5408753308          0.8382692762        -85.7026060546
     955        -86.5335499779          0.8345992487        -85.6989507292
     956        -86.5266535590          0.8294795841        -85.6971739750
     957        -86.5192845275          0.8200990334        -85.6991854941
     958        -86.5109400863          0.8082643620        -85.7026757243
     959        -86.5012032385          0.7970894550        -85.7041137835
     960        -86.4891079444          0.7863375701        -85.7027703743
     961        -86.4736138915          0.7726215219        -85.7009923696
     962        -86.4547595157          0.7535136793        -85.7012458364
     963        -86.4344294713          0.7307106152        -85.7037188561
     964        -86.4167739021          0.7119728972        -85.7048010049
     965        -86.4057775511          0.7035333464        -85.7022442047
     966        -86.4030598779          0.7047700852        -85.6982897927
     967        -86.4078103733          0.7105563990        -85.6972539743
     968        -86.4183165256          0.7182945514        -85.7000219742
     969        -86.4331560081          0.7306789380        -85.7024770701
     970        -86.4504656657          0.7498390921        -85.7006265736
     971        -86.4672298238          0.7718894581        -85.6953403656
     972        -86.4801819511          0.7889635168        -85.6912184343
     973        -86.4872238762          0.7951025165        -85.6921213596
     974        -86.4891844220          0.7927386555        -85.6964457665
     975        -86.4892415286          0.7904393669        -85.6988021617
     976        -86.4897028217          0.7917049908        -85.6979978309
     977        -86.4908575613          0.7929232421        -85.6979343192
     978        -86.4916110709          0.7887836306        -85.7028274404
     979        -86.4913615848          0.7801789903        -85.7111825946
     980        -86.4903561344          0.7736836361        -85.7166724983
     981        -86.4881795700          0.7727799188        -85.7153996513
     982        -86.4833503733          0.7733727092        -85.7099776641
     983        -86.4746020872          0.7682440105        -85.7063580767
     984        -86.4628893443          0.7554935757        -85.7073957686
     985        -86.4525262541          0.7441059566        -85.7084202975
     986        -86.4482859019          0.7436624097        -85.7046234923
     987        -86.4523128724          0.7548165638        -85.6974963085
     988        -86.4639168665          0.7707428218        -85.6931740446
     989        -86.4808426310          0.7851283355        -85.6957142956
     990        -86.5013651835          0.7997110925        -85.7016540910
     991        -86.5239940474          0.8203437116        -85.7036503359
     992        -86.5458219811          0.8466150394        -85.6992069417
     993        -86.5627904900          0.8695762029        -85.6932142871
     994        -86.5715863877          0.8788964506        -85.6926899371
     995        -86.5726953918          0.8744975499        -85.6981978419
     996        -86.5704309499          0.8679215114        -85.7025094386
     997        -86.5686539123          0.8670453998        -85.7016085125
     998        -86.5684266741          0.8698285540        -85.6985981201
     999        -86.5684082000          0.8688168049        -85.6995913952
