           8
 F F F F T          72           1   203.99999999999994     
   3.9762211797431743        0.0000000000000000        0.0000000000000000        0.0000000000000000     
   4.1197319228915257        0.0000000000000000        0.0000000000000000        0.0000000000000000     
   3.9535617906846441        0.0000000000000000        0.0000000000000000        0.0000000000000000     
   4.1275826231453543        0.0000000000000000        0.0000000000000000        0.0000000000000000     
   3.9632721718678914        0.0000000000000000        0.0000000000000000        0.0000000000000000     
  0.89284315620599530     
   4.1569864257035434        0.0000000000000000        0.0000000000000000        0.0000000000000000     
   4.1459928869504150        0.0000000000000000        0.0000000000000000        0.0000000000000000     
   3.9678943667464530        0.0000000000000000        0.0000000000000000        0.0000000000000000     
  0.89521692190123625     
   4.1031479717209853        0.0000000000000000        0.0000000000000000        0.0000000000000000     
   3.9472936782229642        0.0000000000000000        0.0000000000000000        0.0000000000000000     
  0.88828520447863968     
  0.90836895532910145     
   3.9651332544526334        0.0000000000000000        0.0000000000000000        0.0000000000000000     
   4.1355541488525409        0.0000000000000000        0.0000000000000000        0.0000000000000000     
   4.1039005957313792        0.0000000000000000        0.0000000000000000        0.0000000000000000     
  0.88863278670292134     
   4.1012861691353599        0.0000000000000000        0.0000000000000000        0.0000000000000000     
   4.1358949251026020        0.0000000000000000        0.0000000000000000        0.0000000000000000     
   3.9542982450905870        0.0000000000000000        0.0000000000000000        0.0000000000000000     
  0.89643667066866373     
   4.0677990381948907        0.0000000000000000        0.0000000000000000        0.0000000000000000     
  0.92011070262924677     
  0.91549214493401865     
  0.90937413393294753     
   3.9578638674617772        0.0000000000000000        0.0000000000000000        0.0000000000000000     
   4.0910798298920792        0.0000000000000000        0.0000000000000000        0.0000000000000000     
  0.95511153826866679     
   4.1148572793527665        0.0000000000000000        0.0000000000000000        0.0000000000000000     
   4.1060472463174449        0.0000000000000000        0.0000000000000000        0.0000000000000000     
  0.90200698937734958     
   4.0949622384761044        0.0000000000000000        0.0000000000000000        0.0000000000000000     
  0.88564070857184962     
  0.92956071726202238     
  0.92518492341035174     
   3.9571738698267791        0.0000000000000000        0.0000000000000000        0.0000000000000000     
   4.1572421947705465        0.0000000000000000        0.0000000000000000        0.0000000000000000     
   3.9694070983484679        0.0000000000000000        0.0000000000000000        0.0000000000000000     
   4.1322364832861442        0.0000000000000000        0.0000000000000000        0.0000000000000000     
   3.9604298654747243        0.0000000000000000        0.0000000000000000        0.0000000000000000     
  0.89351285603739994     
   4.1354481233735623        0.0000000000000000        0.0000000000000000        0.0000000000000000     
   4.1335735889329417        0.0000000000000000        0.0000000000000000        0.0000000000000000     
   3.9561664533993386        0.0000000000000000        0.0000000000000000        0.0000000000000000     
  0.90740007299604875     
   4.0880953251995544        0.0000000000000000        0.0000000000000000        0.0000000000000000     
   3.9504860039057559        0.0000000000000000        0.0000000000000000        0.0000000000000000     
  0.89445622730645535     
  0.89106894661013269     
   3.9563718166375437        0.0000000000000000        0.0000000000000000        0.0000000000000000     
   4.1454892900818647        0.0000000000000000        0.0000000000000000        0.0000000000000000     
   4.0936935914897123        0.0000000000000000        0.0000000000000000        0.0000000000000000     
  0.89725942153121774     
   4.1065868007039015        0.0000000000000000        0.0000000000000000        0.0000000000000000     
   4.1540754113612035        0.0000000000000000        0.0000000000000000        0.0000000000000000     
   3.9577583337481097        0.0000000000000000        0.0000000000000000        0.0000000000000000     
  0.90813072257828875     
   4.0987380942215745        0.0000000000000000        0.0000000000000000        0.0000000000000000     
  0.91790529970329082     
  0.91780194504550605     
  0.88481499276963682     
   3.9367103836893573        0.0000000000000000        0.0000000000000000        0.0000000000000000     
   4.1179034125144653        0.0000000000000000        0.0000000000000000        0.0000000000000000     
  0.93338857429308419     
   4.0910533385126957        0.0000000000000000        0.0000000000000000        0.0000000000000000     
   4.0930645079081760        0.0000000000000000        0.0000000000000000        0.0000000000000000     
  0.92251911334188308     
   4.1172136384079199        0.0000000000000000        0.0000000000000000        0.0000000000000000     
  0.88616934471636488     
  0.91494126931205189     
  0.91908617855421715     
 0 0
