           8
 F F F F T          72           1   204.00000000000000     
   3.9559110661085271        0.0000000000000000        0.0000000000000000        0.0000000000000000     
   4.1171584904913709        0.0000000000000000        0.0000000000000000        0.0000000000000000     
   3.9682782896716597        0.0000000000000000        0.0000000000000000        0.0000000000000000     
   4.1301236476243366        0.0000000000000000        0.0000000000000000        0.0000000000000000     
   3.9588945674392897        0.0000000000000000        0.0000000000000000        0.0000000000000000     
  0.89773904242983515     
   4.1642584349612184        0.0000000000000000        0.0000000000000000        0.0000000000000000     
   4.1455507012307233        0.0000000000000000        0.0000000000000000        0.0000000000000000     
   3.9522466498873183        0.0000000000000000        0.0000000000000000        0.0000000000000000     
  0.89216729748667334     
   4.0999246853942726        0.0000000000000000        0.0000000000000000        0.0000000000000000     
   3.9414077690440914        0.0000000000000000        0.0000000000000000        0.0000000000000000     
  0.89804531421312583     
  0.90226074299943992     
   3.9574642552515069        0.0000000000000000        0.0000000000000000        0.0000000000000000     
   4.1268437235253383        0.0000000000000000        0.0000000000000000        0.0000000000000000     
   4.0939711833675947        0.0000000000000000        0.0000000000000000        0.0000000000000000     
  0.89723485575971718     
   4.1228706536305433        0.0000000000000000        0.0000000000000000        0.0000000000000000     
   4.1539605586846040        0.0000000000000000        0.0000000000000000        0.0000000000000000     
   3.9548228184741383        0.0000000000000000        0.0000000000000000        0.0000000000000000     
  0.90536191640533659     
   4.0895161128511308        0.0000000000000000        0.0000000000000000        0.0000000000000000     
  0.91946825198649695     
  0.91104312944256005     
  0.89811883073209831     
   3.9482341030499666        0.0000000000000000        0.0000000000000000        0.0000000000000000     
   4.1164527418517665        0.0000000000000000        0.0000000000000000        0.0000000000000000     
  0.92863837527513815     
   4.0996690216165224        0.0000000000000000        0.0000000000000000        0.0000000000000000     
   4.1044677987214326        0.0000000000000000        0.0000000000000000        0.0000000000000000     
  0.89818519096372906     
   4.0852702324041896        0.0000000000000000        0.0000000000000000        0.0000000000000000     
  0.90849244493526149     
  0.92366571778558637     
  0.93619510531355776     
   3.9497879677562833        0.0000000000000000        0.0000000000000000        0.0000000000000000     
   4.1558729595161443        0.0000000000000000        0.0000000000000000        0.0000000000000000     
   3.9495938677931286        0.0000000000000000        0.0000000000000000        0.0000000000000000     
   4.1452741821305406        0.0000000000000000        0.0000000000000000        0.0000000000000000     
   3.9587021534554987        0.0000000000000000        0.0000000000000000        0.0000000000000000     
  0.89159606732364372     
   4.1520641188654093        0.0000000000000000        0.0000000000000000        0.0000000000000000     
   4.1560177971023542        0.0000000000000000        0.0000000000000000        0.0000000000000000     
   3.9444511002730636        0.0000000000000000        0.0000000000000000        0.0000000000000000     
  0.89419164409615826     
   4.0970572952650581        0.0000000000000000        0.0000000000000000        0.0000000000000000     
   3.9512705530921113        0.0000000000000000        0.0000000000000000        0.0000000000000000     
  0.88203377753387657     
  0.87732460377093979     
   3.9607561232780064        0.0000000000000000        0.0000000000000000        0.0000000000000000     
   4.1590910202715348        0.0000000000000000        0.0000000000000000        0.0000000000000000     
   4.0810498399177844        0.0000000000000000        0.0000000000000000        0.0000000000000000     
  0.89902641504191472     
   4.1184453576302831        0.0000000000000000        0.0000000000000000        0.0000000000000000     
   4.1259583802933406        0.0000000000000000        0.0000000000000000        0.0000000000000000     
   3.9694935052139040        0.0000000000000000        0.0000000000000000        0.0000000000000000     
  0.88945834664392920     
   4.0924534392852863        0.0000000000000000        0.0000000000000000        0.0000000000000000     
  0.93113434472805134     
  0.91170447050014169     
  0.90148412078532214     
   3.9627856169569595        0.0000000000000000        0.0000000000000000        0.0000000000000000     
   4.0998023074236807        0.0000000000000000        0.0000000000000000        0.0000000000000000     
  0.92429026253845414     
   4.0825336572133271        0.0000000000000000        0.0000000000000000        0.0000000000000000     
   4.1030332885331102        0.0000000000000000        0.0000000000000000        0.0000000000000000     
  0.92767503319320099     
   4.0992993680402705        0.0000000000000000        0.0000000000000000        0.0000000000000000     
  0.90229803469540182     
  0.91837712457954623     
  0.93069813425223857     
 0 0
