           8
 F F F F T          72           2   203.00000000000003        1.0000000002394474     
   1.1821712675653702        2.7908916782210111        0.0000000000000000        0.0000000000000000     
   1.2483025730670598        2.7959395635785680        0.0000000000000000        0.0000000000000000     
   1.1899390257398399        2.7884917727440306        0.0000000000000000        0.0000000000000000     
   1.2497600553356609        2.7762001176322428        0.0000000000000000        0.0000000000000000     
   1.1794808962807835        2.7708694872625532        0.0000000000000000        0.0000000000000000     
  0.88670213700491463     
   1.2512819440511289        2.8182334172598233        0.0000000000000000        0.0000000000000000     
   1.2536592007302767        2.7929465664387307        0.0000000000000000        0.0000000000000000     
   1.1819518841364347        2.7942713782644022        0.0000000000000000        0.0000000000000000     
  0.87949491135487745     
   1.2325855820243574        2.8183244694255105        0.0000000000000000        0.0000000000000000     
   1.1955773806359262        2.7602672659124798        0.0000000000000000        0.0000000000000000     
  0.87825843230999745     
  0.88535538945990377     
   1.1864162323115433        2.7943157056130015        0.0000000000000000        0.0000000000000000     
   1.2494253749672897        2.7973691417285940        0.0000000000000000        0.0000000000000000     
   1.2257807814600055        2.8402366673345592        0.0000000000000000        0.0000000000000000     
  0.88957850911853487     
   1.2366178286596221        2.8415941879511717        0.0000000000000000        0.0000000000000000     
   1.2470751809009166        2.8259736753755242        0.0000000000000000        0.0000000000000000     
   1.1861326734681059        2.7669916455230261        0.0000000000000000        0.0000000000000000     
  0.89043171605809901     
   1.2399444406141069        2.8234062643616671        0.0000000000000000        0.0000000000000000     
  0.90190902356019176     
  0.88368948790642254     
  0.87631393545381986     
   1.1860442245699585        2.7671310732214680        0.0000000000000000        0.0000000000000000     
   1.2409021438881251        2.8238020254418066        0.0000000000000000        0.0000000000000000     
  0.90209480013922927     
   1.2388752944424430        2.8413079586237640        0.0000000000000000        0.0000000000000000     
   1.2281565145888278        2.8260976945668181        0.0000000000000000        0.0000000000000000     
  0.89893120791357450     
   1.2325330389176812        2.8145431249889539        0.0000000000000000        0.0000000000000000     
  0.88621639627180770     
  0.89735510775639771     
  0.91180166892091496     
   1.1710755923775245        2.7895188751103559        0.0000000000000000        0.0000000000000000     
   1.2374683742712813        2.8743820022614157        0.0000000000000000        0.0000000000000000     
   1.1666961355287622        2.7795700037183249        0.0000000000000000        0.0000000000000000     
   1.2366205624153754        2.8705995915162528        0.0000000000000000        0.0000000000000000     
   1.1723496932700852        2.7769746751981312        0.0000000000000000        0.0000000000000000     
  0.90406417670510830     
   1.2463236777539346        2.9195648601895297        0.0000000000000000        0.0000000000000000     
   1.2361710405258004        2.9216311906704187        0.0000000000000000        0.0000000000000000     
   1.1706246917305392        2.7901580574740183        0.0000000000000000        0.0000000000000000     
  0.89741087370591499     
   1.2377465598279858        2.8498344443213846        0.0000000000000000        0.0000000000000000     
   1.1675068327073412        2.7654265032963874        0.0000000000000000        0.0000000000000000     
  0.93143471691020063     
  0.93211294195398187     
   1.1705984834435359        2.7803049070241332        0.0000000000000000        0.0000000000000000     
   1.2436343937942520        2.8672471100213892        0.0000000000000000        0.0000000000000000     
   1.2262851989852572        2.8569990691264060        0.0000000000000000        0.0000000000000000     
  0.89741511029129351     
   1.2369749405848784        2.8898509040682221        0.0000000000000000        0.0000000000000000     
   1.2492114481042207        2.9209441711976618        0.0000000000000000        0.0000000000000000     
   1.1698806552060075        2.7877472042063380        0.0000000000000000        0.0000000000000000     
  0.90266028270575482     
   1.2311200379735325        2.8406140749844004        0.0000000000000000        0.0000000000000000     
  0.90097608743455182     
  0.93175921877474888     
  0.93348835145244680     
   1.1714223496239260        2.7772272097710591        0.0000000000000000        0.0000000000000000     
   1.2361996655508967        2.8536894001067292        0.0000000000000000        0.0000000000000000     
  0.90195226969832498     
   1.2314218978878388        2.9041582189088171        0.0000000000000000        0.0000000000000000     
   1.2302980239432366        2.8691155766999641        0.0000000000000000        0.0000000000000000     
  0.90960142491143947     
   1.2295153403396020        2.8602535169836574        0.0000000000000000        0.0000000000000000     
  0.91295418706043752     
  0.90547325174648696     
  0.92378880089464843     
  -3.8609771358752987E-003  -1.4365038391819240E-002   0.0000000000000000        0.0000000000000000     
   5.5751619166699573E-003  0.11665078769541326        0.0000000000000000        0.0000000000000000     
  -4.6868665450907621E-003  -1.8100593545343990E-002   0.0000000000000000        0.0000000000000000     
   7.2199786655540166E-003  0.14462657542926927        0.0000000000000000        0.0000000000000000     
  -1.7906242541692041E-003   6.8822108675368199E-003   0.0000000000000000        0.0000000000000000     
  -7.0688835483824208E-003
   6.6168936881361162E-003  0.13599096721048465        0.0000000000000000        0.0000000000000000     
   8.2455250170101468E-003  0.16423473160392943        0.0000000000000000        0.0000000000000000     
  -3.8554369696122137E-003  -1.4125427190191608E-002   0.0000000000000000        0.0000000000000000     
  -8.7372943281919246E-003
   1.2114637140401285E-003   3.6495083294943775E-002   0.0000000000000000        0.0000000000000000     
  -2.4224032014417141E-003   3.3072068530537457E-003   0.0000000000000000        0.0000000000000000     
  -7.5560720813466764E-003
  -9.7094299120967786E-003
  -4.6327971360360376E-003  -1.8286448115373055E-002   0.0000000000000000        0.0000000000000000     
   5.4538085660857938E-003  0.11411866161049833        0.0000000000000000        0.0000000000000000     
   6.2190453286214975E-004   3.0759524274074579E-002   0.0000000000000000        0.0000000000000000     
  -2.2420688823671098E-003
   1.7198190447125228E-003   4.3865827991829587E-002   0.0000000000000000        0.0000000000000000     
   6.6160108040049792E-003  0.13602149057608193        0.0000000000000000        0.0000000000000000     
  -1.8420847441718013E-003   6.3107982330694590E-003   0.0000000000000000        0.0000000000000000     
  -6.7889007208430385E-003
   6.3350379269966339E-005   2.3318934967071492E-002   0.0000000000000000        0.0000000000000000     
  -1.6821505639746936E-003
  -2.4931537041013030E-003
  -7.4798988427792201E-003
  -2.5146497108943233E-003   9.4419003999179907E-004   0.0000000000000000        0.0000000000000000     
   1.5390236372039290E-003   4.2345071821507485E-002   0.0000000000000000        0.0000000000000000     
  -1.3607097052816819E-003
   1.7988049993065136E-003   4.5183921752720124E-002   0.0000000000000000        0.0000000000000000     
   3.8317695977130306E-004   2.7249121051883929E-002   0.0000000000000000        0.0000000000000000     
  -2.4577577749181900E-003
   1.3231960185788871E-004   2.3891438149696409E-002   0.0000000000000000        0.0000000000000000     
  -2.6528193313036796E-003
  -1.4817298440426008E-003
  -1.4182055830752605E-003
  -2.8037188597229701E-005  -1.2309614486083476E-004   0.0000000000000000        0.0000000000000000     
   3.0098668100331238E-005   5.8866687271708074E-004   0.0000000000000000        0.0000000000000000     
  -2.5913052950077287E-006   3.6449901045454425E-005   0.0000000000000000        0.0000000000000000     
   5.2585160673856990E-005   1.0505101672060313E-003   0.0000000000000000        0.0000000000000000     
  -1.4008093168760283E-005  -5.9450703896235524E-005   0.0000000000000000        0.0000000000000000     
  -3.4454491187219105E-005
   7.8593723829012418E-006   1.9718581414007730E-004   0.0000000000000000        0.0000000000000000     
   1.1525853023330868E-005   2.3750574835190719E-004   0.0000000000000000        0.0000000000000000     
  -3.5021490159214963E-005  -1.2648413839588812E-004   0.0000000000000000        0.0000000000000000     
  -5.9515114908870181E-005
   8.7106154185168094E-006   1.6701520727480101E-004   0.0000000000000000        0.0000000000000000     
   2.0026611591283938E-006   9.6434544259338395E-005   0.0000000000000000        0.0000000000000000     
  -1.2596750576854276E-005
  -1.4122591458831657E-005
  -3.1194812457613352E-006  -8.3192283901745157E-006   0.0000000000000000        0.0000000000000000     
   5.4644593562525046E-005   1.1021525713581504E-003   0.0000000000000000        0.0000000000000000     
  -3.5240117497448153E-006   5.0022500817092919E-006   0.0000000000000000        0.0000000000000000     
  -9.6163046260366869E-006
  -1.0910647052497779E-007   5.2319928673938421E-005   0.0000000000000000        0.0000000000000000     
   2.5452913106072117E-006   1.1020514659820790E-004   0.0000000000000000        0.0000000000000000     
  -2.6935309129783036E-005  -7.6791429102662789E-005   0.0000000000000000        0.0000000000000000     
  -6.3893374607548736E-005
   4.3136674090504812E-006   1.0796637956911326E-004   0.0000000000000000        0.0000000000000000     
   2.0712631165764606E-008
  -3.3301741471092328E-006
  -2.1811278930750078E-006
   6.9779788598456349E-006   1.4924648300906895E-004   0.0000000000000000        0.0000000000000000     
   2.4632671217661439E-005   4.8160447662182193E-004   0.0000000000000000        0.0000000000000000     
  -6.3293018960353109E-006
  -1.3115250944828460E-005  -6.9666945648805267E-005   0.0000000000000000        0.0000000000000000     
  -1.5316527298248062E-005  -4.2360099020033459E-005   0.0000000000000000        0.0000000000000000     
  -2.8179861345178914E-005
   2.6933125965911131E-005   5.0160598191606454E-004   0.0000000000000000        0.0000000000000000     
   1.0661753841567645E-005
   3.1958121614605872E-006
  -2.9776811890647181E-005
 0 0
