           8
 F F F F T          72           2   203.00000000000000        1.0000000000532505     
   1.1799947963956923        2.7856803484603074        0.0000000000000000        0.0000000000000000     
   1.2427375953973916        2.8895836062879123        0.0000000000000000        0.0000000000000000     
   1.1806381778287613        2.7757309001354606        0.0000000000000000        0.0000000000000000     
   1.2344845196984278        2.8883333914514076        0.0000000000000000        0.0000000000000000     
   1.1743240664873666        2.7791297119327774        0.0000000000000000        0.0000000000000000     
  0.89011902124158992     
   1.2566457839337120        2.9047037905655255        0.0000000000000000        0.0000000000000000     
   1.2457217029793772        2.9111937838998769        0.0000000000000000        0.0000000000000000     
   1.1850403173162700        2.7821189057732787        0.0000000000000000        0.0000000000000000     
  0.88720609233441228     
   1.2155038755141709        2.8622832098857454        0.0000000000000000        0.0000000000000000     
   1.1947556330859963        2.7699522514577790        0.0000000000000000        0.0000000000000000     
  0.89201362814733864     
  0.89151281650342873     
   1.1886655897713707        2.7841175262789246        0.0000000000000000        0.0000000000000000     
   1.2511520905479565        2.8861181326993552        0.0000000000000000        0.0000000000000000     
   1.2288832020707134        2.8695697108788147        0.0000000000000000        0.0000000000000000     
  0.89399525040441241     
   1.2345316019550827        2.8772002929871991        0.0000000000000000        0.0000000000000000     
   1.2504160456620739        2.9089851451308375        0.0000000000000000        0.0000000000000000     
   1.1862317552971793        2.7793970637696450        0.0000000000000000        0.0000000000000000     
  0.88770618016273062     
   1.2390452686352211        2.8681359177828041        0.0000000000000000        0.0000000000000000     
  0.91701286465383847     
  0.90337317027344199     
  0.89711677380282284     
   1.1801552845607475        2.7816814566251402        0.0000000000000000        0.0000000000000000     
   1.2393670089526601        2.8679270141992301        0.0000000000000000        0.0000000000000000     
  0.91319141631633194     
   1.2375069892366408        2.8817547650575968        0.0000000000000000        0.0000000000000000     
   1.2188180462202594        2.8759737306392346        0.0000000000000000        0.0000000000000000     
  0.90193659700859885     
   1.2225513388806020        2.8778239383234956        0.0000000000000000        0.0000000000000000     
  0.89385245537440994     
  0.91931213094250519     
  0.91698966418437156     
   1.1747835766715367        2.8073500785029175        0.0000000000000000        0.0000000000000000     
   1.2388447084177749        2.8069909734505742        0.0000000000000000        0.0000000000000000     
   1.1805416479902897        2.7996653352163938        0.0000000000000000        0.0000000000000000     
   1.2349271032145390        2.7955932399089320        0.0000000000000000        0.0000000000000000     
   1.1669636024651853        2.7756628118645974        0.0000000000000000        0.0000000000000000     
  0.89186633474494570     
   1.2493416425910597        2.8176742270034500        0.0000000000000000        0.0000000000000000     
   1.2383376980090652        2.8123246964741866        0.0000000000000000        0.0000000000000000     
   1.1680050532684065        2.8060474169354519        0.0000000000000000        0.0000000000000000     
  0.89851453744535692     
   1.2462061467635519        2.8149542491934785        0.0000000000000000        0.0000000000000000     
   1.1618216956191925        2.7806403654609748        0.0000000000000000        0.0000000000000000     
  0.88778882784208779     
  0.88500204370993663     
   1.1760834672932208        2.7995168037033671        0.0000000000000000        0.0000000000000000     
   1.2413165406526465        2.8143747381898874        0.0000000000000000        0.0000000000000000     
   1.2383172154679953        2.8101019166983194        0.0000000000000000        0.0000000000000000     
  0.88585686735658786     
   1.2326108623199343        2.8473307518937583        0.0000000000000000        0.0000000000000000     
   1.2531932019117991        2.8295041148366833        0.0000000000000000        0.0000000000000000     
   1.1587684887421144        2.7802923437977607        0.0000000000000000        0.0000000000000000     
  0.89313135892374163     
   1.2377562914072704        2.8178375464607583        0.0000000000000000        0.0000000000000000     
  0.88737900428420580     
  0.89874473661432797     
  0.88176278475720338     
   1.1781615604180495        2.7725451132458083        0.0000000000000000        0.0000000000000000     
   1.2256531669928656        2.8460081724581281        0.0000000000000000        0.0000000000000000     
  0.87466912211958103     
   1.2453194896940389        2.8355322436096824        0.0000000000000000        0.0000000000000000     
   1.2394311751812541        2.8309441721790476        0.0000000000000000        0.0000000000000000     
  0.90480982869320203     
   1.2399268055740822        2.8254352119282111        0.0000000000000000        0.0000000000000000     
  0.88323849242847785     
  0.88204961741934984     
  0.89264543398251150     
  -1.6495049025344599E-005  -2.3702137207592955E-005   0.0000000000000000        0.0000000000000000     
   2.0681162289371002E-005   4.4040548927082313E-004   0.0000000000000000        0.0000000000000000     
   6.7128842262675903E-007   4.9915034774805633E-005   0.0000000000000000        0.0000000000000000     
   3.1331003688128689E-005   6.3749398917156697E-004   0.0000000000000000        0.0000000000000000     
  -8.8654945213928471E-006   2.2197594073958271E-005   0.0000000000000000        0.0000000000000000     
  -2.5136803556202736E-005
  -2.9481516827800647E-007   6.3739616095848106E-005   0.0000000000000000        0.0000000000000000     
   3.6210493463695315E-006   8.8696346191241560E-005   0.0000000000000000        0.0000000000000000     
  -2.0036751854357604E-005  -7.3206573018236298E-005   0.0000000000000000        0.0000000000000000     
  -3.6241922378721370E-005
   3.6138315542277866E-006   9.3932601281210282E-005   0.0000000000000000        0.0000000000000000     
   6.6154060058831732E-006   1.9352102064207344E-004   0.0000000000000000        0.0000000000000000     
  -3.6116322541523971E-006
  -5.0684445440651871E-006
  -7.9969053445871907E-007   3.2519183985613154E-006   0.0000000000000000        0.0000000000000000     
   3.0284068189834201E-005   5.9048422519625277E-004   0.0000000000000000        0.0000000000000000     
  -1.0070087557156882E-006   4.4800962174740278E-005   0.0000000000000000        0.0000000000000000     
  -5.4775730913281251E-006
  -2.3698976909791725E-006   4.4325360255559332E-005   0.0000000000000000        0.0000000000000000     
   1.6137928919857103E-006   7.4497321230992952E-005   0.0000000000000000        0.0000000000000000     
  -1.6352429349719699E-005  -8.1759584093177295E-005   0.0000000000000000        0.0000000000000000     
  -3.4003084880995793E-005
   5.2461151136551365E-006   1.3571114193000611E-004   0.0000000000000000        0.0000000000000000     
  -2.4707186269123937E-006
  -2.3565415108173227E-006
  -4.2217806465183472E-006
   5.8780323601848039E-006   1.3283325628243858E-004   0.0000000000000000        0.0000000000000000     
   1.2263257666900174E-005   2.1487543281661914E-004   0.0000000000000000        0.0000000000000000     
  -7.9403454533721884E-006
  -5.5054107164220767E-006  -3.1282329553405930E-006   0.0000000000000000        0.0000000000000000     
  -8.4225933425496891E-006  -4.1632671727409587E-005   0.0000000000000000        0.0000000000000000     
  -1.2696633484021724E-005
   1.2570009399137660E-005   2.5336387381891257E-004   0.0000000000000000        0.0000000000000000     
   6.3791805515744926E-007
   2.8705808574613911E-006
  -1.4519399389456566E-005
  -3.9877571586244276E-003  -1.5130165665701689E-002   0.0000000000000000        0.0000000000000000     
   5.9796158417337875E-003  0.12432564556457004        0.0000000000000000        0.0000000000000000     
  -4.7017592715998813E-003  -1.9113406155355950E-002   0.0000000000000000        0.0000000000000000     
   6.7218827970660922E-003  0.13659224013853866        0.0000000000000000        0.0000000000000000     
  -2.3146197109791267E-003  -3.2009727801707299E-005   0.0000000000000000        0.0000000000000000     
  -7.1255387058267727E-003
   7.4211697208874661E-003  0.15161710713693033        0.0000000000000000        0.0000000000000000     
   7.3977470379478216E-003  0.14748466133198912        0.0000000000000000        0.0000000000000000     
  -3.8531229204290529E-003  -1.3573954264276544E-002   0.0000000000000000        0.0000000000000000     
  -7.8673448352277742E-003
   2.3042019137533565E-003   5.7829960131218439E-002   0.0000000000000000        0.0000000000000000     
  -3.1305992449948139E-003  -6.3380286461915958E-003   0.0000000000000000        0.0000000000000000     
  -8.4772051270907145E-003
  -8.2708348682105637E-003
  -4.0592255619218420E-003  -1.4178100656421222E-002   0.0000000000000000        0.0000000000000000     
   5.6523788627431681E-003  0.11781194551136220        0.0000000000000000        0.0000000000000000     
   4.7994409683305150E-004   3.2790243985048928E-002   0.0000000000000000        0.0000000000000000     
  -3.3546961061214908E-003
   2.7572125814288029E-003   6.2894099241940449E-002   0.0000000000000000        0.0000000000000000     
   5.8310491837010314E-003  0.12160814102713902        0.0000000000000000        0.0000000000000000     
  -2.1391144620717117E-003   8.0221847007289071E-004   0.0000000000000000        0.0000000000000000     
  -6.8168188356871884E-003
  -3.1305718259488913E-004   2.0678010901986177E-002   0.0000000000000000        0.0000000000000000     
  -1.8483645279148142E-003
  -3.5426494074681791E-003
  -6.8387456051069995E-003
  -1.9956079142839922E-003   4.1737600316023027E-003   0.0000000000000000        0.0000000000000000     
   1.6038718528188500E-003   4.0369267980596035E-002   0.0000000000000000        0.0000000000000000     
  -1.1131349527322421E-003
   1.4191628553221758E-003   3.9393264155442420E-002   0.0000000000000000        0.0000000000000000     
   6.0433850905816655E-005   2.0585105524294711E-002   0.0000000000000000        0.0000000000000000     
  -2.3127248551652047E-003
   4.8884849796038132E-004   2.7576606484926991E-002   0.0000000000000000        0.0000000000000000     
  -2.3045849240269645E-003
  -1.1488096403473591E-003
  -1.5324352030041677E-003
 0 0
