Run semi-empirical minimization
 &qmmm
    qm_theory='AM1', grms_tol=0.0005,
 scfconv=1.d-10, ndiis_attempts=700,   qmcharge=0,
 /
   8    O1       22.6700       13.1810       19.9300 
   6    C2       23.3520       14.1300       19.2070 
   6    C3       22.2330       12.0410       19.2180 
   6    C4       23.8590       15.1860       19.9430 
   6    C5       23.5500       14.0860       17.8380 
   1    H6       21.5570       12.3070       18.5590 
   1    H7       22.9950       11.6320       18.7590 
   1    H8       21.8430       11.3950       19.8440 
   6    C9       24.5650       16.1970       19.3250 
   1   H10       23.7200       15.2160       20.8820 
   6   C11       24.2780       15.1000       17.2190 
   1   H12       23.1920       13.3710       17.3250 
   6   C13       24.7840       16.1640       17.9500 
   1   H14       24.9040       16.9200       19.8400 
   1   H15       24.4300       15.0620       16.2820 
   7   N16       25.5320       17.1990       17.3180 
   6   C17       25.0450       17.8490       16.1700 
   6   C18       26.7590       17.5850       17.9420 
   6   C19       25.9250       18.4840       15.2810 
   6   C20       23.6680       17.8690       15.9010 
   6   C21       26.9690       18.8670       18.4130 
   6   C22       27.7490       16.6220       18.1530 
   6   C23       25.4080       19.1050       14.1610 
   1   H24       26.8600       18.4860       15.4470 
   6   C25       23.1660       18.5030       14.7810 
   1   H26       23.0690       17.4390       16.5000 
   6   C27       28.1380       19.2010       19.1020 
   1   H28       26.3080       19.5320       18.2660 
   6   C29       28.9040       16.9410       18.8320 
   1   H30       27.6250       15.7390       17.8250 
   6   C31       24.0350       19.1250       13.8930 
   6   C32       26.1770       19.8050       13.0380 
   1   H33       22.2300       18.5130       14.6190 
   6   C34       29.1030       18.2270       19.3150 
   1   H35       28.2700       20.0860       19.4220 
   1   H36       29.5680       16.2770       18.9720 
   6   C37       23.8040       19.8640       12.6500 
   6   C38       25.0370       20.2910       12.1470 
   6   C39       27.1330       20.8890       13.5150 
   6   C40       27.1390       18.8580       12.3320 
   8   O41       30.2730       18.4130       20.0030 
   6   C42       22.6370       20.2260       11.9830 
   6   C43       25.1290       21.0470       10.9980 
   6   C44       26.7940       22.0990       14.0910 
   6   C45       28.4600       20.5390       13.2470 
   6   C46       26.7940       17.7730       11.5600 
   6   C47       28.4690       19.2580       12.5190 
   6   C48       30.5730       19.7190       20.4720 
   6   C49       22.7150       21.0110       10.8430 
   1   H50       21.7920       19.9380       12.3080 
   6   C51       23.9540       21.4250       10.3370 
   1   H52       25.9770       21.3080       10.6600 
   6   C53       27.8110       22.9900       14.4400 
   1   H54       25.8840       22.3210       14.2480 
   6   C55       29.4720       21.4230       13.6080 
   1   H56       25.8850       17.5090       11.4810 
   6   C57       27.8000       17.0610       10.8890 
   6   C58       29.4740       18.4880       11.9410 
   1   H59       30.6140       20.3370       19.7120 
   1   H60       29.8760       20.0110       21.0940 
   1   H61       31.4380       19.7100       20.9330 
   1   H62       21.9170       21.2720       10.3980 
   7   N63       24.0500       22.2730        9.1980 
   7   N64       27.5010       24.2470       15.0240 
   6   C65       29.1450       22.6280       14.2080 
   1   H66       30.3820       21.2010       13.4440 
   7   N67       27.4280       16.0470        9.9880 
   6   C68       29.1400       17.4090       11.1220 
   1   H69       30.3860       18.6980       12.1040 
   6   C70       25.0650       23.2820        9.2340 
   6   C71       23.1900       22.1640        8.0860 
   6   C72       28.2070       25.4190       14.6080 
   6   C73       26.2040       24.4450       15.5960 
   1   H74       29.8400       23.2220       14.4670 
   6   C75       26.1530       16.1190        9.3420 
   6   C76       28.3560       15.0900        9.4760 
   1   H77       29.8320       16.9000       10.7160 
   6   C78       25.1250       24.1680       10.3070 
   6   C79       26.0230       23.3730        8.2350 
   6   C80       23.0270       23.2310        7.2070 
   6   C81       22.4870       20.9830        7.8120 
   6   C82       28.5710       25.6230       13.2820 
   6   C83       28.4960       26.4030       15.5450 
   6   C84       25.3210       25.3880       15.1070 
   6   C85       25.7970       23.6600       16.6770 
   6   C86       25.6760       17.2970        8.7860 
   6   C87       25.3670       14.9720        9.2630 
   6   C88       29.1300       14.3030       10.3310 
   6   C89       28.4610       14.8880        8.1080 
   6   C90       26.1410       25.1000       10.3910 
   1   H91       24.4610       24.1310       10.9860 
   6   C92       27.0360       24.3230        8.2990 
   1   H93       25.9860       22.7780        7.4960 
   1   H94       23.5080       24.0360        7.3590 
   6   C95       22.1740       23.1460        6.1110 
   1   H96       22.6110       20.2240        8.3690 
   6   C97       21.6170       20.9090        6.7450 
   6   C98       29.2110       26.7890       12.8990 
   1   H99       28.3780       24.9570       12.6330 
   6  C100       29.1250       27.5840       15.1660 
   1  H101       28.2610       26.2670       16.4560 
   6  C102       24.0460       25.5520       15.6950 
   1  H103       25.5730       25.9300       14.3690 
   6  C104       24.5440       23.8080       17.2430 
   1  H105       26.3930       23.0110       17.0320 
   6  C106       24.4330       17.3440        8.1660 
   1  H107       26.2070       18.0830        8.8310 
   6  C108       24.1520       14.9980        8.6210 
   1  H109       25.6740       14.1630        9.6570 
   6  C110       29.9850       13.3450        9.8140 
   1  H111       29.0700       14.4250       11.2710 
   6  C112       29.3010       13.9140        7.5800 
   1  H113       27.9470       15.4280        7.5190 
   6  C114       27.1100       25.1720        9.3920 
   1  H115       26.1800       25.6930       11.1320 
   1  H116       27.6740       24.3900        7.5980 
   6  C117       21.4470       21.9910        5.8930 
   1  H118       22.0910       23.8800        5.5140 
   1  H119       21.1290       20.1080        6.5910 
   1  H120       29.4660       26.9140       11.9930 
   6  C121       29.4830       27.7800       13.8410 
   1  H122       29.3080       28.2550       15.8130 
   6  C123       23.6770       24.7560       16.7450 
   1  H124       23.4480       26.2120       15.3630 
   1  H125       24.2820       23.2570       17.9710 
   6  C126       23.6750       16.1830        8.0730 
   1  H127       24.1060       18.1610        7.8100 
   1  H128       23.6360       14.2040        8.5530 
   6  C129       30.0670       13.1420        8.4360 
   1  H130       30.5200       12.8240       10.4000 
   1  H131       29.3490       13.7800        6.6400 
   8  O132       28.1060       26.0950        9.5880 
   8  O133       20.5400       21.7970        4.8720 
   8  O134       30.0870       28.9100       13.3560 
   8  O135       22.4570       24.8250       17.3950 
   8  O136       22.4480       16.1020        7.4580 
   8  O137       30.9070       12.1410        8.0290 
   6  C138       29.1030       26.2020        8.5680 
   6  C139       20.3000       22.8840        4.0190 
   6  C140       30.2920       29.9880       14.2710 
   6  C141       21.4980       25.7030       16.8660 
   6  C142       21.9640       17.2690        6.8010 
   6  C143       30.9960       11.8850        6.6290 
   1  H144       28.6860       26.5020        7.7340 
   1  H145       29.7840       26.8500        8.8440 
   1  H146       29.5210       25.3260        8.4280 
   1  H147       19.6160       22.6380        3.3610 
   1  H148       19.9870       23.6490        4.5460 
   1  H149       21.1290       23.1250        3.5540 
   1  H150       30.6980       30.7450       13.7990 
   1  H151       29.4310       30.2640       14.6500 
   1  H152       30.8890       29.6960       14.9920 
   1  H153       21.3200       25.4680       15.9320 
   1  H154       20.6690       25.6310       17.3850 
   1  H155       21.8350       26.6220       16.9140 
   1  H156       21.7800       17.9660        7.4650 
   1  H157       22.6390       17.5910        6.1690 
   1  H158       21.1390       17.0530        6.3170 
   1  H159       31.2910       12.6960        6.1670 
   1  H160       31.6400       11.1650        6.4690 
   1  H161       30.1170       11.6180        6.2900 

