Run semi-empirical minimization
 &qmmm
    qm_theory='AM1', grms_tol=0.0005,
 scfconv=1.d-10, ndiis_attempts=700,   qmcharge=0,
 /
  16    S1        4.3840        4.9920       68.8040 
   6    C2        3.2850        5.4960       67.5040 
   6    C3        2.1030        6.0610       69.4080 
   6    C4        3.2350        5.5930       69.9640 
   6    C5        3.5500        5.2300       66.1410 
   6    C6        2.1150        6.0660       67.9450 
  16    S7        0.9380        6.6410       70.5530 
   6    C8        3.2030        5.6210       71.4130 
   6    C9        2.6020        5.6370       65.2290 
   1   H10        4.3280        4.7890       65.8880 
   6   C11        1.1530        6.4860       67.0170 
   6   C12        1.9970        6.1270       71.8510 
   6   C13        4.1400        5.1610       72.3640 
   6   C14        1.4320        6.2920       65.6590 
   6   C15        2.7810        5.3300       63.7370 
   1   H16        0.3510        6.8560       67.3120 
   6   C17        1.6760        6.1990       73.2240 
   6   C18        3.8340        5.2400       73.7250 
   1   H19        4.9370        4.7780       72.0780 
   1   H20        0.8440        6.6570       65.0390 
   6   C21        3.9490        6.0430       63.0970 
   1   H22        2.8900        4.3670       63.6970 
   1   H23        1.9450        5.5730       63.3090 
   6   C24        2.6220        5.7940       74.1540 
   1   H25        0.8580        6.5460       73.4970 
   1   H26        4.4590        4.9570       74.3530 
   6   C27        4.1680        5.5330       61.6410 
   1   H28        3.8110        6.9990       63.0140 
   1   H29        4.7840        5.8820       63.5630 
   6   C30        2.3010        5.8010       75.6180 
   6   C31        5.3700        6.1220       60.9530 
   1   H32        3.3470        5.7260       61.1620 
   1   H33        4.2770        4.5730       61.7210 
   6   C34        1.3110        6.6310       76.1120 
   6   C35        2.9290        4.9710       76.5140 
   6   C36        5.5500        5.5860       59.5060 
   1   H37        5.2530        7.0800       60.8610 
   1   H38        6.1880        5.9430       61.4440 
   6   C39        0.9630        6.6520       77.4510 
   1   H40        0.8830        7.2300       75.5430 
   6   C41        2.6060        5.0350       77.8860 
   1   H42        3.6160        4.4230       76.2100 
   6   C43        6.7820        6.1150       58.7970 
   1   H44        4.7270        5.7680       59.0270 
   1   H45        5.6550        4.6270       59.6100 
   6   C46        1.6310        5.8560       78.3380 
   1   H47        0.2670        7.1830       77.7650 
   1   H48        3.0490        4.4610       78.4690 
   6   C49        6.9030        5.5420       57.3710 
   1   H50        6.6600        7.0720       58.6910 
   1   H51        7.5950        5.9460       59.2980 
   1   H52        1.4250        5.8800       79.2440 
   1   H53        6.0850        5.7070       56.8770 
   1   H54        7.0280        4.5860       57.4820 
   6   C55        8.0580        6.1440       56.6190 
   6   C56        8.2120        5.5470       55.2040 
   1   H57        7.9750        7.1070       56.5340 
   1   H58        8.8980        5.9330       57.0560 
   1   H59        7.3970        5.8040       54.7430 
   6   C60        9.3900        6.0660       54.4460 
   1   H61        8.2440        4.5810       55.2860 
   1   H62        9.3540        7.0260       54.3750 
   1   H63        9.3970        5.6830       53.5670 
   1   H64       10.1920        5.8150       54.9120 

