Run semi-empirical minimization
 &qmmm
    qm_theory='AM1', grms_tol=0.0005,
 scfconv=1.d-10, ndiis_attempts=700,   qmcharge=0,
 /
   6    C1       16.9730       50.2880      103.2340 
   6    C2       16.8170       50.4080      101.8420 
   6    C3       15.9920       49.7310      104.0650 
   6    C4       18.2040       50.7760      103.8380 
   1    H5       16.0150       50.0900      101.4420 
   6    C6       17.7930       50.9730      101.0330 
   1    H7       15.1780       49.4140      103.6920 
   6    C8       16.1710       49.6290      105.4520 
   6    C9       19.1960       51.3480      103.0060 
   6   C10       18.3830       50.6750      105.2260 
   6   C11       19.0170       51.4490      101.6310 
   6   C12       17.6290       51.0980       99.6100 
   6   C13       15.1790       49.0580      106.2840 
   6   C14       17.4020       50.1170      106.0560 
   1   H15       20.0010       51.6690      103.3950 
   1   H16       19.1970       50.9920      105.5980 
   6   C17       20.0130       52.0350      100.7680 
   1   H18       16.8290       50.7920       99.1980 
   6   C19       18.6080       51.6500       98.8480 
   6   C20       15.3580       48.9560      107.6590 
   1   H21       14.3740       48.7360      105.8950 
   6   C22       17.5580       49.9980      107.4480 
   6   C23       19.8150       52.1320       99.4330 
   1   H24       20.8230       52.3590      101.1440 
   1   H25       18.4870       51.7140       97.9080 
   6   C26       14.3620       48.3710      108.5220 
   6   C27       16.5830       49.4320      108.2580 
   1   H28       18.3600       50.3150      107.8490 
   1   H29       20.4840       52.5240       98.8830 
   6   C30       14.5600       48.2730      109.8570 
   1   H31       13.5520       48.0470      108.1470 
   6   C32       16.7460       49.3070      109.6800 
   6   C33       15.7670       48.7560      110.4420 
   1   H34       13.8920       47.8820      110.4070 
   1   H35       17.5460       49.6140      110.0920 
   1   H36       15.8890       48.6910      111.3830 

