           8
 F F F F T          72           2   203.00000000000000        1.0000000010492349     
   1.1813395032431755        2.7990630375250842        0.0000000000000000        0.0000000000000000     
   1.2463482566043356        2.8060934611452444        0.0000000000000000        0.0000000000000000     
   1.1821249250718049        2.7888955488848826        0.0000000000000000        0.0000000000000000     
   1.2385828148171580        2.7951041745029279        0.0000000000000000        0.0000000000000000     
   1.1777426692426727        2.7739137229071398        0.0000000000000000        0.0000000000000000     
  0.87872115310983023     
   1.2596125903870066        2.8116514645673458        0.0000000000000000        0.0000000000000000     
   1.2490922728837526        2.8011590912348181        0.0000000000000000        0.0000000000000000     
   1.1868515999853302        2.7947205419398431        0.0000000000000000        0.0000000000000000     
  0.87564622644376156     
   1.2170679167599301        2.8356184177603270        0.0000000000000000        0.0000000000000000     
   1.1979958368209851        2.7613031187926640        0.0000000000000000        0.0000000000000000     
  0.88394957320356060     
  0.88287965126661161     
   1.1898675288840113        2.7931596926787421        0.0000000000000000        0.0000000000000000     
   1.2547058539737619        2.8038574887348555        0.0000000000000000        0.0000000000000000     
   1.2328413102740816        2.8271303302155908        0.0000000000000000        0.0000000000000000     
  0.88069305251416452     
   1.2361283342648803        2.8442361286330877        0.0000000000000000        0.0000000000000000     
   1.2520986884337812        2.8130246604058851        0.0000000000000000        0.0000000000000000     
   1.1898851891746218        2.7677011435163004        0.0000000000000000        0.0000000000000000     
  0.87571538199455445     
   1.2427287209925826        2.8243305434945007        0.0000000000000000        0.0000000000000000     
  0.89934324126316378     
  0.88882171082105832     
  0.88945394599803396     
   1.1832715427031602        2.7677603471137751        0.0000000000000000        0.0000000000000000     
   1.2410932394474510        2.8366678456679262        0.0000000000000000        0.0000000000000000     
  0.89351064680860337     
   1.2372409635613375        2.8423357966408611        0.0000000000000000        0.0000000000000000     
   1.2226744828788745        2.8279161974910947        0.0000000000000000        0.0000000000000000     
  0.88789535240330730     
   1.2255414668727354        2.8230825021838717        0.0000000000000000        0.0000000000000000     
  0.88496787697743096     
  0.89993620946110209     
  0.89499748049054806     
   1.1753177341075416        2.7845863027753053        0.0000000000000000        0.0000000000000000     
   1.2372560321653121        2.8831587104467937        0.0000000000000000        0.0000000000000000     
   1.1759810245893578        2.7830988644779961        0.0000000000000000        0.0000000000000000     
   1.2593997119229179        2.8839492073506596        0.0000000000000000        0.0000000000000000     
   1.1897612989596393        2.7867608413940168        0.0000000000000000        0.0000000000000000     
  0.88546183208881135     
   1.2334839227906977        2.9182203504968607        0.0000000000000000        0.0000000000000000     
   1.2567581312427167        2.9209090581753836        0.0000000000000000        0.0000000000000000     
   1.1773435652898103        2.7856599835352371        0.0000000000000000        0.0000000000000000     
  0.88215904270360790     
   1.2322206270984783        2.8461318019988378        0.0000000000000000        0.0000000000000000     
   1.1769123901476206        2.7876466170167253        0.0000000000000000        0.0000000000000000     
  0.90363045240771944     
  0.88398779536314676     
   1.1701514542038267        2.7820621109366370        0.0000000000000000        0.0000000000000000     
   1.2474685232429581        2.8967835869360226        0.0000000000000000        0.0000000000000000     
   1.2180045671085360        2.8751954707953837        0.0000000000000000        0.0000000000000000     
  0.88805185010701027     
   1.2187248549056477        2.8920817045847791        0.0000000000000000        0.0000000000000000     
   1.2373199847665912        2.9187980438836032        0.0000000000000000        0.0000000000000000     
   1.1777823050592986        2.7825031243977922        0.0000000000000000        0.0000000000000000     
  0.88793584834061479     
   1.2249314052855746        2.8694969154980812        0.0000000000000000        0.0000000000000000     
  0.90937047822360872     
  0.93233627298158350     
  0.88419660316392013     
   1.1788608959681510        2.7805351488224139        0.0000000000000000        0.0000000000000000     
   1.2268633628840173        2.8799535069689863        0.0000000000000000        0.0000000000000000     
  0.91738877794707518     
   1.2749838709776762        2.8674201592359974        0.0000000000000000        0.0000000000000000     
   1.2135654667589311        2.8671755474008109        0.0000000000000000        0.0000000000000000     
  0.90843742752517997     
   1.2414177963410702        2.8713021437136383        0.0000000000000000        0.0000000000000000     
  0.87986462523781472     
  0.91625046629603746     
  0.91289793488560267     
  -3.7458059960400192E-003  -1.3863682093572027E-002   0.0000000000000000        0.0000000000000000     
   5.6901055023779179E-003  0.11969971668450485        0.0000000000000000        0.0000000000000000     
  -4.5984780117092061E-003  -1.7893613791273744E-002   0.0000000000000000        0.0000000000000000     
   6.6246631967572522E-003  0.13315402657533193        0.0000000000000000        0.0000000000000000     
  -1.9035498418906727E-003   5.5630133283672833E-003   0.0000000000000000        0.0000000000000000     
  -6.7707644567961411E-003
   6.8489631431476461E-003  0.14013526155628719        0.0000000000000000        0.0000000000000000     
   8.0363274507373461E-003  0.16065565798128256        0.0000000000000000        0.0000000000000000     
  -3.7643201272221649E-003  -1.3839744300454537E-002   0.0000000000000000        0.0000000000000000     
  -7.5307001806453888E-003
   1.2176256010107966E-003   3.6618108896689705E-002   0.0000000000000000        0.0000000000000000     
  -2.4416869501835414E-003   3.4341715674912621E-003   0.0000000000000000        0.0000000000000000     
  -8.2467387467218822E-003
  -9.2592321961393331E-003
  -4.5390900269599577E-003  -1.7637339780478101E-002   0.0000000000000000        0.0000000000000000     
   5.7910827015674737E-003  0.11976370348710841        0.0000000000000000        0.0000000000000000     
   6.1803937447879598E-004   3.1380311947084127E-002   0.0000000000000000        0.0000000000000000     
  -2.0514397747453117E-003
   1.6189168851303837E-003   4.2766035012057557E-002   0.0000000000000000        0.0000000000000000     
   6.4190735582023706E-003  0.13095604875096178        0.0000000000000000        0.0000000000000000     
  -1.9398986971626009E-003   6.0255612121737911E-003   0.0000000000000000        0.0000000000000000     
  -6.8344616510780387E-003
   2.1783064123281903E-004   2.6166044862353743E-002   0.0000000000000000        0.0000000000000000     
  -1.7918707872219830E-003
  -2.4889622807697798E-003
  -7.7008258671572571E-003
  -2.4324637089014889E-003   1.5824319781194696E-003   0.0000000000000000        0.0000000000000000     
   1.6206703157293223E-003   4.3094534501832094E-002   0.0000000000000000        0.0000000000000000     
  -1.4630608603878326E-003
   1.8162326630626335E-003   4.6208779222932428E-002   0.0000000000000000        0.0000000000000000     
   3.3026648122369551E-004   2.6760081164084681E-002   0.0000000000000000        0.0000000000000000     
  -2.4723928218745028E-003
   1.6444741920462747E-004   2.4629897448433358E-002   0.0000000000000000        0.0000000000000000     
  -2.6337446353335014E-003
  -1.4861842144423543E-003
  -1.3261156619431835E-003
  -3.3730109513241402E-005  -1.5298458284185301E-004   0.0000000000000000        0.0000000000000000     
   3.9346007273399763E-005   7.5473292620342747E-004   0.0000000000000000        0.0000000000000000     
   1.9271137046139586E-006   6.3273729700163983E-005   0.0000000000000000        0.0000000000000000     
   6.3195631521795192E-005   1.2455529082413541E-003   0.0000000000000000        0.0000000000000000     
  -2.3845253467769112E-005  -1.0107995381103407E-004   0.0000000000000000        0.0000000000000000     
  -4.3840841957742960E-005
  -3.0839731426368644E-006   3.1065468977686805E-005   0.0000000000000000        0.0000000000000000     
   8.4969303071336100E-006   1.9681045619934778E-004   0.0000000000000000        0.0000000000000000     
  -3.2246842113670127E-005  -1.1264485285034098E-004   0.0000000000000000        0.0000000000000000     
  -7.3275233618996793E-005
   2.0688764827303530E-005   3.8975224757153981E-004   0.0000000000000000        0.0000000000000000     
   1.3382122371341509E-005   2.7229765899861036E-004   0.0000000000000000        0.0000000000000000     
  -1.5255285703563715E-006
  -1.1490462203944674E-005
  -3.0558751700215936E-006  -1.0212264385245362E-006   0.0000000000000000        0.0000000000000000     
   4.1520424965080238E-005   8.6253158600957391E-004   0.0000000000000000        0.0000000000000000     
  -1.5760721035595893E-005  -6.2891262225583944E-005   0.0000000000000000        0.0000000000000000     
  -2.3392732124039028E-005
  -1.4280038338920775E-005  -6.4989426479034051E-005   0.0000000000000000        0.0000000000000000     
   7.2278700808947605E-006   1.7688930773207545E-004   0.0000000000000000        0.0000000000000000     
  -1.5457653913975022E-005   4.7655293260451259E-005   0.0000000000000000        0.0000000000000000     
  -4.9814393819680447E-005
   2.8529278544242587E-005   5.5004366648070402E-004   0.0000000000000000        0.0000000000000000     
   4.4827742963216011E-006
   4.7674836578526225E-006
  -1.0064855950786544E-005
  -2.8773477089849564E-007   1.1703290686737589E-004   0.0000000000000000        0.0000000000000000     
   1.2907969209052794E-005   3.3488308047857629E-004   0.0000000000000000        0.0000000000000000     
  -3.1901923484012329E-005
   2.9396713359108873E-006   1.8364336148746219E-004   0.0000000000000000        0.0000000000000000     
  -6.6086496164352582E-007   1.7802474425199222E-004   0.0000000000000000        0.0000000000000000     
  -1.9464117976375483E-005
   1.0621272812150195E-005   3.2653215132905089E-004   0.0000000000000000        0.0000000000000000     
  -1.0688655033952443E-005
  -9.8252440376978001E-006
  -1.8913049463997744E-005
 0 0
