# frame=0, time_fs=0.000000, coordinates in Angstrom
        8.1923283956        12.5684200582        19.8847264967
        7.2359449891        12.5570479931        20.9058263099
        9.4904309020        11.8954525961        20.0730867333
        7.9188689379        13.2514131457        18.6606433458
        7.4942726460        11.9037633784        22.1213140488
        6.3194072114        13.0728039982        20.7902343704
        9.6570129325        11.2200052224        21.3352819972
       10.4769825289        11.9882105754        19.0331448404
        8.9179437651        13.2301618073        17.6322864856
        6.9748411838        13.6887657920        18.4285329065
        6.4453593676        11.9693069270        23.1363841543
        8.7267523717        11.2157206377        22.3688388999
       10.6404195026        10.7303180641        21.4947674634
       11.4260478242        11.5257257360        19.2555132745
       10.2054882270        12.5879393949        17.7853728312
        8.7465109185        13.8923920697        16.4155441557
        6.7315206761        11.3906719913        24.3679322731
        5.5032488264        12.3523891759        22.8412009941
        8.9091797959        10.5806109388        23.6858263822
       11.2113987079        12.6745314076        16.7910806907
        9.6842899414        13.9812742409        15.3671188860
        7.7869319890        14.3136358886        16.2113435721
        7.9179257237        10.7128143495        24.6491645428
        5.9445610548        11.3510741519        25.1366604565
        9.8613144486        10.0683169185        23.9001060856
       12.1677170129        12.1880539029        17.1055520522
       10.9538593339        13.2949160637        15.5478415601
        9.4651271236        14.6545566124        14.1110048054
        7.8793276207        10.3182167114        25.6444639897
       11.8281356634        13.2268229601        14.4099699065
       10.3898333687        14.6776206986        13.0659860076
        8.4976477024        15.0624379772        13.8604580351
       11.5479510731        13.8373364174        13.1928813781
       12.7777591155        12.7454052017        14.5800896212
       10.2383175329        15.2238310678        12.1366439326
       12.2816637526        13.8602713100        12.4233962009
       13.5607248377         9.5847482885        17.7197424806
       14.5638596748        10.1547908402        16.9332733912
       12.3445467204         9.0132543274        17.0558084775
       13.6481333944         9.4624655335        19.1008382514
       14.4277703627        10.2895892256        15.5242142705
       15.4097608497        10.6398128983        17.4092478597
       12.2285994986         9.1325848068        15.6393984427
       11.3364278364         8.4550228972        17.8020872536
       12.6964357794         8.8506833546        19.8603290921
       14.5390837733         9.9321256646        19.5494993753
       15.4716627537        10.8812595940        14.7860373464
       13.2474555823         9.8114679228        14.9116690419
       11.2914805743         8.8004734718        15.0809146812
       10.4493916199         8.1120073192        17.2908399034
       11.4859855817         8.2988949506        19.1927191273
       12.8566126333         8.7362380084        21.2660786360
       15.2650559392        11.1776004501        13.4336932084
       16.4425395629        11.2083989940        15.2067280552
       13.0775256207        10.0796486106        13.4960533459
       10.5453531969         7.6899343399        20.0319183841
       11.8557336376         8.2599047248        22.0568807577
       13.7577723348         9.1332378401        21.7071496357
       14.0507995768        10.7994558192        12.7936509380
       16.0377154435        11.6864486347        12.8601180191
       12.1676816866         9.6495227315        13.0223387561
        9.6993460428         7.2520134436        19.5489301160
       10.7144565213         7.6660431118        21.4379384271
       11.9705806952         8.2239333902        23.4949771501
       13.8012964487        11.0646347743        11.7690982239
        9.7377175524         7.1187295504        22.2567331691
       11.0023836439         7.6247400177        24.2576049730
       12.9427030115         8.5412777954        23.8850812732
        9.8101406604         7.1201259516        23.5469351839
        8.8887894117         6.7300253611        21.7797746087
       11.0911880972         7.6109768616        25.3639705459
        9.0821225927         6.6925117778        24.1887367077
