# frame=2, time_fs=2.000000, coordinates in Angstrom
        8.1939342317        12.5702994214        19.8788360758
        7.2396179229        12.5530611592        20.9094134510
        9.4877107711        11.8975913558        20.0735732279
        7.9270631432        13.2442126210        18.6586973671
        7.4863822476        11.9072041674        22.1228764840
        6.2938808768        13.0826802436        20.7825009221
        9.6658495731        11.2203060013        21.3321006047
       10.4724234077        11.9842731985        19.0386719043
        8.9178468699        13.2310560692        17.6333523328
        6.9604562835        13.7089149475        18.4372131018
        6.4553587507        11.9618076421        23.1377770229
        8.7256935898        11.2145417461        22.3724623768
       10.6227159416        10.7346743110        21.4940750664
       11.4382404706        11.5204944043        19.2480059150
       10.2078742714        12.5924833761        17.7920444696
        8.7436626033        13.8945187175        16.4086534937
        6.7203540087        11.3934698403        24.3630128229
        5.4831930334        12.3800073366        22.8492998181
        8.9097742883        10.5837095666        23.6848655048
       11.2125856742        12.6726157087        16.7911967630
        9.6856172038        13.9777991349        15.3675024295
        7.7707843025        14.3392788002        16.2182392807
        7.9220331719        10.7118898078        24.6455491406
        5.9545205695        11.3613137543        25.1319024983
        9.8457829551        10.0688538794        23.8962645945
       12.1471197171        12.1954310595        17.0758678031
       10.9531951981        13.2944225038        15.5472218345
        9.4653875294        14.6525520929        14.1064345816
        7.9099586166        10.3015941375        25.6570664220
       11.8291833428        13.2305867331        14.4100133075
       10.3888946964        14.6710429274        13.0705754085
        8.4933257726        15.0925481614        13.8823240525
       11.5484557356        13.8437688458        13.2012981395
       12.7839987628        12.7292448987        14.5704445112
       10.2303640517        15.2177751176        12.1402744748
       12.2948203043        13.8472257840        12.4012283953
       13.5547466056         9.5788306159        17.7138439851
       14.5631773710        10.1584627647        16.9299123389
       12.3515090445         9.0190407878        17.0504045513
       13.6574504737         9.4688878686        19.0998632434
       14.4312989630        10.2876462749        15.5342812784
       15.4183421311        10.6197414608        17.4105660382
       12.2277062459         9.1358398800        15.6369679880
       11.3340337174         8.4505006164        17.8068613610
       12.6895007071         8.8447757752        19.8615624873
       14.5288138912         9.9155596129        19.5535185075
       15.4740942177        10.8869693457        14.7767929385
       13.2403943444         9.8090304029        14.9056292410
       11.3342991699         8.8096330964        15.1099125892
       10.4427795317         8.1026745954        17.2910558990
       11.4905366282         8.3030579117        19.1962780073
       12.8594125009         8.7421455877        21.2620352799
       15.2651538437        11.1756938351        13.4368362465
       16.4157147316        11.1976194027        15.2117423819
       13.0803335629        10.0781578375        13.4963934884
       10.5466118252         7.6895043674        20.0355701220
       11.8548767207         8.2547692791        22.0609261324
       13.7651636220         9.1389021721        21.7117662884
       14.0452311306        10.7967750519        12.7968141627
       16.0319592629        11.6887478771        12.8650970194
       12.1822724892         9.6746135423        13.0269705487
        9.6760488025         7.2444874115        19.5509164676
       10.7163389125         7.6708500222        21.4284426972
       11.9732937609         8.2188100563        23.4947046323
       13.8216938981        11.0533606138        11.7647379398
        9.7310317834         7.1171232096        22.2428751365
       10.9993506222         7.6282307683        24.2554429988
       12.9276216769         8.5571211703        23.8954510785
        9.8197908170         7.1204605428        23.5733391266
        8.8547095521         6.7087018559        21.7624889083
       11.0875949001         7.6015538032        25.3391532621
        9.0522879542         6.6820163115        24.1956727893
