           8
 F F F F T          72           2   203.00000000000003        1.0000000002922811     
   1.1862123914251788        2.7760389319288237        0.0000000000000000        0.0000000000000000     
   1.2374543287060553        2.8929366669390273        0.0000000000000000        0.0000000000000000     
   1.1974601945067858        2.7813233747996788        0.0000000000000000        0.0000000000000000     
   1.2536927696815283        2.8846005888406951        0.0000000000000000        0.0000000000000000     
   1.1877507737758348        2.7763327012959991        0.0000000000000000        0.0000000000000000     
  0.88206032251006827     
   1.2450306589807840        2.8993740810654725        0.0000000000000000        0.0000000000000000     
   1.2500861545789732        2.9139993419086441        0.0000000000000000        0.0000000000000000     
   1.1798853004566834        2.7864064287940691        0.0000000000000000        0.0000000000000000     
  0.87362156436510774     
   1.2458762453639878        2.8595953753652124        0.0000000000000000        0.0000000000000000     
   1.1797285537653954        2.7695150066046761        0.0000000000000000        0.0000000000000000     
  0.90344094252559504     
  0.89174788204703348     
   1.1793475599060246        2.7793612145445055        0.0000000000000000        0.0000000000000000     
   1.2359601670369655        2.8903986348935464        0.0000000000000000        0.0000000000000000     
   1.2262041938969965        2.8675576400171239        0.0000000000000000        0.0000000000000000     
  0.87799666988645997     
   1.2473287512477251        2.8708666656960502        0.0000000000000000        0.0000000000000000     
   1.2500595167890181        2.9127452340444933        0.0000000000000000        0.0000000000000000     
   1.1835253457490174        2.7822510842893138        0.0000000000000000        0.0000000000000000     
  0.89809173689320354     
   1.2222746723618554        2.8712656352064427        0.0000000000000000        0.0000000000000000     
  0.92780277469473682     
  0.89979623789680452     
  0.89552765174724280     
   1.1845543338188858        2.7764086585345615        0.0000000000000000        0.0000000000000000     
   1.2367011996470416        2.8600144801921932        0.0000000000000000        0.0000000000000000     
  0.90657987224450887     
   1.2379999590556801        2.8774049718051140        0.0000000000000000        0.0000000000000000     
   1.2384520095991074        2.8760024099090109        0.0000000000000000        0.0000000000000000     
  0.90696272033968750     
   1.2307603567283192        2.8738538404090335        0.0000000000000000        0.0000000000000000     
  0.89639184596245935     
  0.90748979292732346     
  0.91779274077052930     
   1.1629961817848478        2.8001693440664899        0.0000000000000000        0.0000000000000000     
   1.2500479778007390        2.8025652825378775        0.0000000000000000        0.0000000000000000     
   1.1594550843541556        2.8002302627242335        0.0000000000000000        0.0000000000000000     
   1.2594873125906951        2.7780749015238468        0.0000000000000000        0.0000000000000000     
   1.1830548688049143        2.7731889143939981        0.0000000000000000        0.0000000000000000     
  0.89267688316140859     
   1.2415464986893980        2.8332630461394803        0.0000000000000000        0.0000000000000000     
   1.2527301053898525        2.8051793844751973        0.0000000000000000        0.0000000000000000     
   1.1739136951062505        2.7970558548541491        0.0000000000000000        0.0000000000000000     
  0.88202385266394978     
   1.2336372490513701        2.8214050115224620        0.0000000000000000        0.0000000000000000     
   1.1908700508802024        2.7658983194602200        0.0000000000000000        0.0000000000000000     
  0.88088702712102851     
  0.88633628631801575     
   1.1725547804935568        2.8007063763008797        0.0000000000000000        0.0000000000000000     
   1.2520487695743214        2.8051253845692097        0.0000000000000000        0.0000000000000000     
   1.2248177804469398        2.8162500956171419        0.0000000000000000        0.0000000000000000     
  0.89210928529583866     
   1.2427285270776722        2.8481186965163769        0.0000000000000000        0.0000000000000000     
   1.2469284611852141        2.8260040317912289        0.0000000000000000        0.0000000000000000     
   1.1925704685426362        2.7775227656512396        0.0000000000000000        0.0000000000000000     
  0.88762115171167366     
   1.2266901420244416        2.8253051949041801        0.0000000000000000        0.0000000000000000     
  0.89089573963953828     
  0.88923705876820291     
  0.87737541369980965     
   1.1739879362795205        2.7812782874288846        0.0000000000000000        0.0000000000000000     
   1.2549490289258132        2.8344984747409221        0.0000000000000000        0.0000000000000000     
  0.87917113318252427     
   1.2386314202073190        2.8308605160793698        0.0000000000000000        0.0000000000000000     
   1.2247727743701446        2.8372853283927100        0.0000000000000000        0.0000000000000000     
  0.89279186082034956     
   1.2220024828525848        2.8326146992915735        0.0000000000000000        0.0000000000000000     
  0.89313232292739952     
  0.89143779476922835     
  0.89138126153448649     
  -2.5963420780872326E-005  -6.8699183429554722E-005   0.0000000000000000        0.0000000000000000     
   2.5633304941763413E-005   5.2415944439188067E-004   0.0000000000000000        0.0000000000000000     
   4.8768254226061458E-006   9.5399404098195362E-005   0.0000000000000000        0.0000000000000000     
   5.5316763551971349E-005   1.0947629176345508E-003   0.0000000000000000        0.0000000000000000     
  -1.1892151365433534E-005  -4.1596684496880698E-006   0.0000000000000000        0.0000000000000000     
  -2.9307589117566479E-005
  -3.5798155590960334E-006   9.5767682886105376E-006   0.0000000000000000        0.0000000000000000     
  -1.1067627569971705E-006   1.0783940540104453E-005   0.0000000000000000        0.0000000000000000     
  -3.1055514171818288E-005  -1.2081159102006467E-004   0.0000000000000000        0.0000000000000000     
  -6.0702784119959219E-005
   6.9059722893616282E-006   1.4544655498793801E-004   0.0000000000000000        0.0000000000000000     
   7.7937709244135789E-006   1.9288727719812826E-004   0.0000000000000000        0.0000000000000000     
  -4.0011057744759881E-007
  -4.1847144949258563E-007
   2.8044863893406102E-006   1.5670629429642702E-005   0.0000000000000000        0.0000000000000000     
   3.9267482723648328E-005   7.6761673234848615E-004   0.0000000000000000        0.0000000000000000     
  -2.9246567343488294E-006   2.0242023937022680E-005   0.0000000000000000        0.0000000000000000     
  -8.2309922631029764E-006
  -2.8037590542595581E-006   3.5825171810888179E-005   0.0000000000000000        0.0000000000000000     
  -3.2609624107671209E-006  -1.1574925470991815E-005   0.0000000000000000        0.0000000000000000     
  -2.1956438153170055E-005  -1.1411749576195618E-004   0.0000000000000000        0.0000000000000000     
  -4.3705804934734971E-005
   5.6269183172918957E-006   1.3605384930581721E-004   0.0000000000000000        0.0000000000000000     
  -9.9766591932226589E-007
  -1.8324785265866339E-006
   8.4417098822342496E-007
   9.4990856092103115E-006   1.7081059877810389E-004   0.0000000000000000        0.0000000000000000     
   1.6772004473031288E-005   2.9347873907470401E-004   0.0000000000000000        0.0000000000000000     
  -7.8447405408299531E-006
  -7.4963191101229398E-006  -2.7182443486761798E-005   0.0000000000000000        0.0000000000000000     
  -1.1715982881854714E-005  -7.7468582273532149E-005   0.0000000000000000        0.0000000000000000     
  -1.7314463410578185E-005
   1.7551421350958663E-005   3.0217841364477138E-004   0.0000000000000000        0.0000000000000000     
   2.1564896058867689E-006
   4.8758943130833288E-006
  -1.6306541216204451E-005
  -4.0175999753906400E-003  -1.6505452465262138E-002   0.0000000000000000        0.0000000000000000     
   6.0645130189826979E-003  0.12430178984213169        0.0000000000000000        0.0000000000000000     
  -4.9591967387265790E-003  -2.0404169195355593E-002   0.0000000000000000        0.0000000000000000     
   7.6975799453775640E-003  0.15355368901135824        0.0000000000000000        0.0000000000000000     
  -2.2385846887260641E-003  -3.5149253135724479E-004   0.0000000000000000        0.0000000000000000     
  -7.1506510829257852E-003
   6.8714467576485028E-003  0.13825570097793083        0.0000000000000000        0.0000000000000000     
   9.2518228536777602E-003  0.18419522085289985        0.0000000000000000        0.0000000000000000     
  -3.9277850229810785E-003  -1.5734114380694386E-002   0.0000000000000000        0.0000000000000000     
  -8.9793491458024510E-003
   1.8123101968774424E-003   4.4122169645581799E-002   0.0000000000000000        0.0000000000000000     
  -2.8936057434658657E-003  -7.4811222380333220E-003   0.0000000000000000        0.0000000000000000     
  -7.6286069536314338E-003
  -1.0314530052649928E-002
  -5.0616487175252356E-003  -2.0087813662367449E-002   0.0000000000000000        0.0000000000000000     
   5.6421922150775572E-003  0.11424422709568027        0.0000000000000000        0.0000000000000000     
   4.1940434629106349E-004   2.5348221523833647E-002   0.0000000000000000        0.0000000000000000     
  -2.4853108419957692E-003
   2.5804949365999530E-003   5.5242629279938615E-002   0.0000000000000000        0.0000000000000000     
   6.9931368778823888E-003  0.14231846217635935        0.0000000000000000        0.0000000000000000     
  -2.1760069584610964E-003  -1.9399070661116902E-003   0.0000000000000000        0.0000000000000000     
  -6.6296873479798624E-003
  -4.2716295799505311E-004   1.4365607960106885E-002   0.0000000000000000        0.0000000000000000     
  -1.4383536276938447E-003
  -3.0740640372237671E-003
  -7.8394837394581973E-003
  -2.7310128361941466E-003  -4.0313103844451526E-003   0.0000000000000000        0.0000000000000000     
   2.0933045565587616E-003   4.8079326097325570E-002   0.0000000000000000        0.0000000000000000     
  -7.4708139114509908E-004
   1.8543159826749367E-003   4.4232610256100813E-002   0.0000000000000000        0.0000000000000000     
  -1.0633997533893158E-004   1.6463478634778372E-002   0.0000000000000000        0.0000000000000000     
  -2.7946695207218264E-003
   1.0949882277788703E-004   1.9385683154256483E-002   0.0000000000000000        0.0000000000000000     
  -2.6605130467857174E-003
  -8.8646412926574047E-004
  -1.0757320121392855E-003
 0 0
