           8
 F F F F T          72           2   202.99999999999994        1.0000000002777112     
   1.1854104116994966        2.7769083930299070        0.0000000000000000        0.0000000000000000     
   1.2389570458319701        2.8889342805747105        0.0000000000000000        0.0000000000000000     
   1.1964062270583737        2.7806633388570221        0.0000000000000000        0.0000000000000000     
   1.2532358386482265        2.8817273484696333        0.0000000000000000        0.0000000000000000     
   1.1860422125734027        2.7769201261593306        0.0000000000000000        0.0000000000000000     
  0.88505594367258233     
   1.2450546485885998        2.9028866929334352        0.0000000000000000        0.0000000000000000     
   1.2503165830005187        2.9130504329199045        0.0000000000000000        0.0000000000000000     
   1.1798214539793430        2.7864562703514055        0.0000000000000000        0.0000000000000000     
  0.87635021084100639     
   1.2447190675443491        2.8555739540777116        0.0000000000000000        0.0000000000000000     
   1.1817132609778691        2.7693347696656176        0.0000000000000000        0.0000000000000000     
  0.90039711607239503     
  0.89296250157869284     
   1.1800170816538917        2.7797511958281715        0.0000000000000000        0.0000000000000000     
   1.2375422304338590        2.8872956291163945        0.0000000000000000        0.0000000000000000     
   1.2253061648072636        2.8704816895288774        0.0000000000000000        0.0000000000000000     
  0.88213784974303677     
   1.2453941100026362        2.8729358837703902        0.0000000000000000        0.0000000000000000     
   1.2488566826952905        2.9164846000622955        0.0000000000000000        0.0000000000000000     
   1.1833754492052622        2.7824721300885198        0.0000000000000000        0.0000000000000000     
  0.89914684569564296     
   1.2245649287150937        2.8683014174557915        0.0000000000000000        0.0000000000000000     
  0.92541997112040109     
  0.89887437425270944     
  0.89309320323937613     
   1.1845192611185253        2.7766895158446010        0.0000000000000000        0.0000000000000000     
   1.2372494340137119        2.8588549381760116        0.0000000000000000        0.0000000000000000     
  0.90901137003049259     
   1.2380399557725394        2.8772976296200801        0.0000000000000000        0.0000000000000000     
   1.2367372884931465        2.8760405957894273        0.0000000000000000        0.0000000000000000     
  0.90784751187191115     
   1.2309160307245299        2.8695837524977130        0.0000000000000000        0.0000000000000000     
  0.89725315788987814     
  0.90839006456533977     
  0.92112202099144525     
   1.1644599783912750        2.8006694778408354        0.0000000000000000        0.0000000000000000     
   1.2487122438576570        2.8035067764066972        0.0000000000000000        0.0000000000000000     
   1.1605565051078401        2.8006311887607716        0.0000000000000000        0.0000000000000000     
   1.2566058545554368        2.7809450769405144        0.0000000000000000        0.0000000000000000     
   1.1822383368044300        2.7734231821796818        0.0000000000000000        0.0000000000000000     
  0.89317326363736038     
   1.2437508161251252        2.8276545358860794        0.0000000000000000        0.0000000000000000     
   1.2516610718549457        2.8023911043174974        0.0000000000000000        0.0000000000000000     
   1.1739616898285505        2.7973897257832121        0.0000000000000000        0.0000000000000000     
  0.88269678868494950     
   1.2342630091402755        2.8220653336644599        0.0000000000000000        0.0000000000000000     
   1.1881377665750421        2.7671780084866118        0.0000000000000000        0.0000000000000000     
  0.88433751549997053     
  0.88889647534871430     
   1.1726863359548303        2.8007635660884942        0.0000000000000000        0.0000000000000000     
   1.2513532502728233        2.8055895649176597        0.0000000000000000        0.0000000000000000     
   1.2253222895970688        2.8164259469087591        0.0000000000000000        0.0000000000000000     
  0.89100372290832575     
   1.2428658315512275        2.8448573186299368        0.0000000000000000        0.0000000000000000     
   1.2487179592997029        2.8224895755669035        0.0000000000000000        0.0000000000000000     
   1.1902286823981947        2.7778365846668156        0.0000000000000000        0.0000000000000000     
  0.88861632549831282     
   1.2279848830768056        2.8234104574139365        0.0000000000000000        0.0000000000000000     
  0.89000397957744970     
  0.89193859301036316     
  0.88025064905782702     
   1.1744273864175709        2.7805643003558904        0.0000000000000000        0.0000000000000000     
   1.2526592000856800        2.8347140664289272        0.0000000000000000        0.0000000000000000     
  0.88019911535019268     
   1.2374611885154865        2.8348518699597776        0.0000000000000000        0.0000000000000000     
   1.2262046033213831        2.8353779198593099        0.0000000000000000        0.0000000000000000     
  0.89376333583193412     
   1.2239030087908653        2.8306824722040211        0.0000000000000000        0.0000000000000000     
  0.88964365887194374     
  0.89185555168928166     
  0.89213898632460897     
  -2.4691446345315171E-005  -6.3058080966182928E-005   0.0000000000000000        0.0000000000000000     
   2.4812744430002809E-005   5.0767251840877492E-004   0.0000000000000000        0.0000000000000000     
   4.3966799190275907E-006   8.9838706498479581E-005   0.0000000000000000        0.0000000000000000     
   5.2182740176043296E-005   1.0346542667409864E-003   0.0000000000000000        0.0000000000000000     
  -1.1461782009725141E-005  -1.7322782812634330E-006   0.0000000000000000        0.0000000000000000     
  -2.9002297845637237E-005
  -3.3340688874172741E-006   1.2528031815506324E-005   0.0000000000000000        0.0000000000000000     
  -5.6794724856423784E-007   1.9891550128825486E-005   0.0000000000000000        0.0000000000000000     
  -2.9615591568443733E-005  -1.1429610547919467E-004   0.0000000000000000        0.0000000000000000     
  -5.8539146769898132E-005
   6.4797390810777955E-006   1.3778214752324658E-004   0.0000000000000000        0.0000000000000000     
   7.7366339117368454E-006   1.9271787219299341E-004   0.0000000000000000        0.0000000000000000     
  -5.6314948571056789E-007
  -9.5592882631834186E-007
   2.3844811181117365E-006   1.3816172031777540E-005   0.0000000000000000        0.0000000000000000     
   3.8067327736257539E-005   7.4478457614324256E-004   0.0000000000000000        0.0000000000000000     
  -2.7423282173977270E-006   2.1602580831281415E-005   0.0000000000000000        0.0000000000000000     
  -8.0131273006989190E-006
  -2.8020807207873588E-006   3.5470563298556357E-005   0.0000000000000000        0.0000000000000000     
  -2.7364686210340494E-006  -2.5418833775603389E-006   0.0000000000000000        0.0000000000000000     
  -2.1283658005577522E-005  -1.0983187482871415E-004   0.0000000000000000        0.0000000000000000     
  -4.2918917751100238E-005
   5.5934159133297356E-006   1.3530644661186031E-004   0.0000000000000000        0.0000000000000000     
  -1.0642736116839302E-006
  -1.7967223420178868E-006
   2.9717373883908493E-007
   9.1108178854604205E-006   1.6678935085190361E-004   0.0000000000000000        0.0000000000000000     
   1.6215560301846565E-005   2.8466487402356577E-004   0.0000000000000000        0.0000000000000000     
  -7.8992741163741442E-006
  -7.2744177455064118E-006  -2.4744101343010527E-005   0.0000000000000000        0.0000000000000000     
  -1.1327281255635313E-005  -7.3045832750029405E-005   0.0000000000000000        0.0000000000000000     
  -1.6931433610034574E-005
   1.6947164655611857E-005   2.9563954921263402E-004   0.0000000000000000        0.0000000000000000     
   2.0226146705271120E-006
   4.6364555592592893E-006
  -1.6369953981909546E-005
  -4.0301968367517649E-003  -1.6449265897537479E-002   0.0000000000000000        0.0000000000000000     
   6.0448378161612748E-003  0.12413296792985618        0.0000000000000000        0.0000000000000000     
  -4.9023072569283066E-003  -2.0037758708677078E-002   0.0000000000000000        0.0000000000000000     
   7.6550523943346160E-003  0.15300441937744313        0.0000000000000000        0.0000000000000000     
  -2.2347165937746105E-003  -5.8171037454535224E-005   0.0000000000000000        0.0000000000000000     
  -7.1539409513223795E-003
   6.9150939090198982E-003  0.13917512778319763        0.0000000000000000        0.0000000000000000     
   8.9553505228348040E-003  0.17854589132992826        0.0000000000000000        0.0000000000000000     
  -3.9689152207549316E-003  -1.5737295532115336E-002   0.0000000000000000        0.0000000000000000     
  -8.8734655662767725E-003
   1.8367174634863481E-003   4.5144103264005864E-002   0.0000000000000000        0.0000000000000000     
  -2.9106989713814091E-003  -7.2833080279925966E-003   0.0000000000000000        0.0000000000000000     
  -7.8641616576186069E-003
  -1.0172484178769814E-002
  -4.9151461760468251E-003  -1.9249101750105524E-002   0.0000000000000000        0.0000000000000000     
   5.7155153816854654E-003  0.11601684020928937        0.0000000000000000        0.0000000000000000     
   4.3556365819341636E-004   2.6158733516032484E-002   0.0000000000000000        0.0000000000000000     
  -2.5300761151449969E-003
   2.6055766886914355E-003   5.5996147617929815E-002   0.0000000000000000        0.0000000000000000     
   6.8424627018890405E-003  0.13945700737689570        0.0000000000000000        0.0000000000000000     
  -2.2065871262140213E-003  -1.6972172082283521E-003   0.0000000000000000        0.0000000000000000     
  -6.7251900896023731E-003
  -4.2779730608732969E-004   1.4847811155377588E-002   0.0000000000000000        0.0000000000000000     
  -1.4747302532208684E-003
  -3.1701540967931097E-003
  -7.8590347203457700E-003
  -2.6352023416678083E-003  -2.9071130853846050E-003   0.0000000000000000        0.0000000000000000     
   2.0796448755338037E-003   4.7994488728941409E-002   0.0000000000000000        0.0000000000000000     
  -7.8593371545276902E-004
   1.7976360717257833E-003   4.3738490260499141E-002   0.0000000000000000        0.0000000000000000     
  -1.1174647400302717E-004   1.6766125956098943E-002   0.0000000000000000        0.0000000000000000     
  -2.7878087222770187E-003
   1.6596758669407130E-004   2.0557661174952724E-002   0.0000000000000000        0.0000000000000000     
  -2.5597956824980894E-003
  -9.1058140673538901E-004
  -1.1482330679414288E-003
 0 0
