# CDFTB-CI Sub Values
# Frame  Time(fs)      E_A(Ha)      E_B(Ha)        H_AB(Ha)        J_direct(meV)        V_A(Ha)        V_B(Ha)      N_A      N_B        S_AB        S_AB_alpha      S_AB_beta        W_BA        W_BA_alpha      W_BA_beta        W_AB        W_AB_alpha      W_AB_beta
    0      0.00  -85.5878626475  -85.6024604833    2.1384933600       55.0966    0.1661271448    0.1521350285   101.0   101.0   -0.0249601561    0.9334195973   -0.0267405529   -2.5332549887   -1.2730226203   -1.2602323684   -2.5341851821   -1.2729274954   -1.2612576867
    1      4.00  -85.5932855575  -85.6070277720    2.0984848020       54.9549    0.1683033766    0.1549777733   101.0   101.0   -0.0244913716    0.9311766408   -0.0263015314   -2.4854401462   -1.2491251891   -1.2363149571   -2.4868638094   -1.2490099428   -1.2378538666
    2      8.00  -85.5929538788  -85.6050286145   -2.1009631541      -54.8890    0.1667786997    0.1551932669   101.0   101.0    0.0245206864   -0.9298848910   -0.0263695933    2.4889185824    1.2506124763    1.2383061061    2.4893347730    1.2505113124    1.2388234606
    3     12.00  -85.5819812381  -85.5937163229    2.2604621906       57.9358    0.1634294002    0.1522537419   101.0   101.0   -0.0263861415   -0.9268066081    0.0284699540   -2.6789194288   -1.3457495528   -1.3331698760   -2.6780272785   -1.3456515643   -1.3323757142
    4     16.00  -85.5823915667  -85.5931249151   -2.4651787035      -62.1106    0.1603280887    0.1501916437   101.0   101.0    0.0287762670    0.9293080080    0.0309652631    2.9219631457    1.4676642656    1.4542988802    2.9201874340    1.4675320482    1.4526553859
    5     20.00  -85.5968583401  -85.6066638937   -2.5755971471      -65.0298    0.1602594422    0.1510061019   101.0   101.0    0.0300602150   -0.9311718189   -0.0322821357    3.0523784139    1.5331510335    1.5192273804    3.0504380968    1.5330077791    1.5174303177
    6     24.00  -85.5918774791  -85.6019901165   -2.2867253137      -59.0466    0.1639333810    0.1541123857   101.0   101.0    0.0266896872   -0.9337426189   -0.0285835590    2.7096782402    1.3612603717    1.3484178685    2.7089054240    1.3611063774    1.3477990466
    7     28.00  -85.5839096067  -85.5937389605    2.0374437894       53.8323    0.1671689100    0.1578611009   101.0   101.0   -0.0237819074    0.9374240425   -0.0253694233   -2.4139097541   -1.2129575775   -1.2009521766   -2.4143954952   -1.2128165690   -1.2015789263
    8     32.00  -85.5809397179  -85.5910462095   -2.0580857937      -54.1501    0.1665475651    0.1572200804   101.0   101.0    0.0240237420    0.9372846483    0.0256312125    2.4382125055    1.2252729923    1.2129395133    2.4391970280    1.2251659275    1.2140311005
    9     36.00  -85.5947890034  -85.6022701412   -2.3346887105      -59.7951    0.1610976758    0.1541535782   101.0   101.0    0.0272491980   -0.9399897991   -0.0289888231    2.7658549171    1.3897996243    1.3760552928    2.7663761889    1.3896396595    1.3767365293
   10     40.00  -85.6037921787  -85.6088040267    2.7001502346       67.7720    0.1570106449    0.1523502155   101.0   101.0   -0.0315123971   -0.9378819041    0.0335995363   -3.1993026830   -1.6072432838   -1.5920593992   -3.1983906460   -1.6070419006   -1.5913487454
   11     44.00  -85.5906337537  -85.5969154725    2.8674736166       72.2190    0.1579454039    0.1521607304   101.0   101.0   -0.0334699530    0.9359442824   -0.0357606256   -3.3988203757   -1.7070910667   -1.6917293091   -3.3962964921   -1.7068654817   -1.6894310105
   12     48.00  -85.5926790971  -85.6013141031   -2.6499084302      -68.1173    0.1618759134    0.1540534744   101.0   101.0    0.0309287156    0.9328625556    0.0331546329    3.1404955301    1.5774744833    1.5630210469    3.1387559423    1.5772749240    1.5614810182
   13     52.00  -85.5998455151  -85.6097383059   -2.3071747214      -60.1029    0.1648316839    0.1557290767   101.0   101.0    0.0269256654   -0.9283832740   -0.0290027472    2.7330443380    1.3732795278    1.3597648102    2.7335143811    1.3731552614    1.3603591197
   14     56.00  -85.5820402283  -85.5920545302   -2.2320652575      -57.7045    0.1640910480    0.1546457589   101.0   101.0    0.0260546978   -0.9294422785   -0.0280326153    2.6439685841    1.3288534750    1.3151151091    2.6457456090    1.3287424301    1.3170031789
   15     60.00  -85.5878843984  -85.5962221968    2.2641462653       57.9400    0.1617768083    0.1539572014   101.0   101.0   -0.0264278858   -0.9310620920    0.0283846652   -2.6820858758   -1.3478859209   -1.3341999550   -2.6833537613   -1.3477746474   -1.3355791138
   16     64.00  -85.6059469620  -85.6134758970    2.1708173188       55.4071    0.1610077108    0.1537922168   101.0   101.0   -0.0253333542   -0.9336585203    0.0271334258   -2.5718833790   -1.2920627311   -1.2798206479   -2.5713137347   -1.2919556435   -1.2793580912
   17     68.00  -85.6002830342  -85.6109823748   -1.8329090914      -46.5098    0.1617664000    0.1514548598   101.0   101.0    0.0213911144    0.9329491881    0.0229284882    2.1719970472    1.0909881878    1.0810088593    2.1707959782    1.0909202157    1.0798757624
   18     72.00  -85.5914752578  -85.6061646018    1.5752915566       39.6112    0.1626585580    0.1486874367   101.0   101.0   -0.0183861866   -0.9272923065    0.0198278218   -1.8664685185   -0.9377177490   -0.9287507695   -1.8662323771   -0.9376855064   -0.9285468707
   19     76.00  -85.5839007641  -85.6019745549   -1.4923784633      -37.4550    0.1646316021    0.1470517151   101.0   101.0    0.0174196851   -0.9316373590   -0.0186979246    1.7677816925    0.8884304577    0.8793512349    1.7687118052    0.8883899462    0.8803218590
   20     80.00  -85.5936069128  -85.6096990867   -1.5224969017      -38.6203    0.1653063262    0.1493020434   101.0   101.0    0.0177692554   -0.9389618816   -0.0189243629    1.8031398860    0.9062575627    0.8968823232    1.8043564956    0.9062178616    0.8981386340
   21     84.00  -85.5963579574  -85.6090123887    1.6616932782       42.5989    0.1644466658    0.1517889154   101.0   101.0   -0.0193934080    0.9457126959   -0.0205066592   -1.9684796619   -0.9890962400   -0.9793834219   -1.9688031665   -0.9890430642   -0.9797601023
   22     88.00  -85.5824866030  -85.5939178717   -1.7963136538      -46.1078    0.1633205937    0.1522324037   101.0   101.0    0.0209680678   -0.9478434033   -0.0221218692    2.1287660153    1.0694162201    1.0593497951    2.1282442003    1.0693399102    1.0589042902
   23     92.00  -85.5910129326  -85.6015746659   -1.9286504442      -48.7874    0.1605847099    0.1508032547   101.0   101.0    0.0225109927    0.9477138755    0.0237529419    2.2850636079    1.1481049581    1.1369586498    2.2851920574    1.1480283372    1.1371637202
   24     96.00  -85.6067663606  -85.6168378376   -2.0860430359      -51.9399    0.1584032507    0.1488700708   101.0   101.0    0.0243440066    0.9443692762    0.0257780587    2.4706228063    1.2415891817    1.2290336246    2.4717491616    1.2415120762    1.2302370854
