# call_index  Electronic(H)         Repulsive(H)          Total(H)
       0        -87.4117511105          2.0023495898        -85.4094015207
       1        -87.1002807716          1.4065581043        -85.6937226674
       2        -86.6992941856          0.9206879384        -85.7786062472
       3        -86.3590148162          0.7309076107        -85.6281072055
       4        -86.1455688219          0.7060587180        -85.4395101039
       5        -86.0808667994          0.6788257414        -85.4020410580
       6        -86.1703637253          0.6215348862        -85.5488288391
       7        -86.4052123503          0.6606484849        -85.7445638655
       8        -86.7428550703          0.9772126970        -85.7656423733
       9        -87.0764406048          1.5423701120        -85.5340704927
      10        -87.1963654574          1.8329721545        -85.3633933029
      11        -86.9759685348          1.3846814503        -85.5912870845
      12        -86.5900683296          0.8105688842        -85.7794994454
      13        -86.2298878657          0.5194676521        -85.7104202136
      14        -85.9882510087          0.4803541627        -85.5078968461
      15        -85.8986322551          0.5055940149        -85.3930382402
      16        -85.9673120061          0.4987009640        -85.4686110421
      17        -86.1873260655          0.5201548283        -85.6671712372
      18        -86.5300574477          0.7475172368        -85.7825402109
      19        -86.9174321210          1.2658632616        -85.6515688595
      20        -87.1841093604          1.7912407498        -85.3928686106
      21        -87.1257918426          1.6524108029        -85.4733810397
      22        -86.8016226237          1.0703898219        -85.7312328018
      23        -86.4310347380          0.6634023659        -85.7676323721
      24        -86.1405381293          0.5427603712        -85.5977777581
      25        -85.9846882696          0.5559715101        -85.4287167596
      26        -85.9810006089          0.5569625082        -85.4240381008
      27        -86.1309579488          0.5435192760        -85.5874386728
      28        -86.4191746629          0.6580888988        -85.7610857641
      29        -86.7933059448          1.0560664078        -85.7372395370
      30        -87.1320193261          1.6418506567        -85.4901686694
      31        -87.2207922337          1.8269468019        -85.3938454318
      32        -86.9873347980          1.3468851887        -85.6404496093
      33        -86.6250334764          0.8420277766        -85.7830056998
      34        -86.3011020704          0.6193472413        -85.6817548291
      35        -86.0955558563          0.6098136087        -85.4857422476
      36        -86.0374149471          0.6359848456        -85.4014301015
      37        -86.1315825105          0.6278212206        -85.5037612899
      38        -86.3692032191          0.6701886819        -85.6990145373
      39        -86.7152622362          0.9399888963        -85.7752733399
      40        -87.0795818904          1.4735515765        -85.6060303139
      41        -87.2807649054          1.8951428523        -85.3856220531
      42        -87.1490527112          1.6255744483        -85.5234782629
      43        -86.7908787289          1.0426177880        -85.7482609410
      44        -86.4120507400          0.6709230278        -85.7411277123
      45        -86.1251864817          0.5661766682        -85.5590098135
      46        -85.9778356572          0.5659268920        -85.4119087651
      47        -85.9842208388          0.5463175036        -85.4379033352
      48        -86.1433472387          0.5293978654        -85.6139493733
      49        -86.4364371647          0.6697475618        -85.7666896030
      50        -86.8022594014          1.0956753053        -85.7065840961
      51        -87.1036027371          1.6445245951        -85.4590781420
      52        -87.1313243099          1.7048334898        -85.4264908200
      53        -86.8604390091          1.1869747539        -85.6734642552
      54        -86.4927896623          0.7167918084        -85.7759978539
      55        -86.1822136202          0.5317317067        -85.6504819135
      56        -85.9988930871          0.5324999101        -85.4663931770
      57        -85.9651082331          0.5534676647        -85.4116405684
      58        -86.0831460369          0.5491587140        -85.5339873229
      59        -86.3406205294          0.6227318943        -85.7178886351
      60        -86.6961649340          0.9391107017        -85.7570542322
      61        -87.0491378909          1.4851442364        -85.5639936545
      62        -87.2087163763          1.8160292666        -85.3926871097
      63        -87.0437191949          1.4812199408        -85.5624992541
      64        -86.6871910515          0.9331941238        -85.7539969277
      65        -86.3273798999          0.6093688787        -85.7180110212
      66        -86.0652371161          0.5261086962        -85.5391284199
      67        -85.9429594327          0.5234364326        -85.4195230001
      68        -85.9728760271          0.5008960123        -85.4719800148
      69        -86.1519751952          0.5037655389        -85.6482096563
      70        -86.4557244888          0.6889883434        -85.7667361454
      71        -86.8134579458          1.1433449169        -85.6701130288
      72        -87.0765414500          1.6304374005        -85.4461040495
      73        -87.0595385359          1.5891659984        -85.4703725376
      74        -86.7814547456          1.0880089462        -85.6934457994
      75        -86.4340141714          0.6758382521        -85.7581759193
      76        -86.1535558288          0.5296664064        -85.6238894224
      77        -86.0025860962          0.5410124175        -85.4615736787
      78        -86.0009698252          0.5662369061        -85.4347329192
      79        -86.1480091688          0.5816208087        -85.5663883601
      80        -86.4272923317          0.6988348487        -85.7284574830
      81        -86.7915103743          1.0575333922        -85.7339769821
      82        -87.1308346694          1.5926892016        -85.5381454679
      83        -87.2574844485          1.8339106932        -85.4235737552
      84        -87.0797727680          1.4801736559        -85.5995991121
      85        -86.7391230734          0.9846595808        -85.7544634926
      86        -86.4065373921          0.7095967263        -85.6969406657
      87        -86.1740251998          0.6474495739        -85.5265756259
      88        -86.0798472425          0.6490425304        -85.4308047120
      89        -86.1337773144          0.6337393802        -85.5000379342
      90        -86.3303639437          0.6623183294        -85.6680456143
      91        -86.6399474922          0.8852486203        -85.7546988719
      92        -86.9817721951          1.3490542364        -85.6327179588
      93        -87.1956200683          1.7499152152        -85.4457048531
      94        -87.1263159812          1.6137006532        -85.5126153280
      95        -86.8270721015          1.1218424077        -85.7052296938
      96        -86.4747217354          0.7380750065        -85.7366467289
      97        -86.1931202166          0.5949848718        -85.5981353448
      98        -86.0390996562          0.5807870792        -85.4583125770
      99        -86.0307991576          0.5733944453        -85.4574047123
     100        -86.1675053891          0.5720276449        -85.5954777442
     101        -86.4310381986          0.6985595600        -85.7324786386
     102        -86.7656686445          1.0640909860        -85.7015776585
     103        -87.0478932101          1.5349107365        -85.5129824736
     104        -87.1028807425          1.6414660470        -85.4614146955
     105        -86.8877555622          1.2586602323        -85.6290953300
     106        -86.5446736921          0.8038767540        -85.7407969381
     107        -86.2254166477          0.5602255827        -85.6651910650
     108        -86.0140154065          0.5035091899        -85.5105062166
     109        -85.9453259593          0.5038054381        -85.4415205212
     110        -86.0288198973          0.5032354214        -85.5255844758
     111        -86.2561796822          0.5754094658        -85.6807702164
     112        -86.5895394786          0.8551887647        -85.7343507139
     113        -86.9376308117          1.3391091533        -85.5985216584
     114        -87.1372327763          1.6774814249        -85.4597513514
     115        -87.0673411076          1.5149009390        -85.5524401687
     116        -86.7988122525          1.0868983355        -85.7119139170
     117        -86.4902091836          0.7731876350        -85.7170215487
     118        -86.2536608618          0.6722844182        -85.5813764436
     119        -86.1419958387          0.6787800833        -85.4632157554
     120        -86.1723597337          0.6913306589        -85.4810290748
     121        -86.3418635821          0.7244785012        -85.6173850810
     122        -86.6279163218          0.8994075442        -85.7285087776
     123        -86.9669017206          1.2953356739        -85.6715660467
     124        -87.2258490909          1.7212448689        -85.5046042220
     125        -87.2481750062          1.7511000260        -85.4970749802
     126        -87.0232716345          1.3736975129        -85.6495741216
     127        -86.6881992252          0.9607612067        -85.7274380185
     128        -86.3803403317          0.7373631118        -85.6429772199
     129        -86.1765812294          0.6685510701        -85.5080301593
     130        -86.1096019902          0.6437895949        -85.4658123953
     131        -86.1877282246          0.6279523519        -85.5597758728
     132        -86.3999475528          0.7042062872        -85.6957412657
     133        -86.7030649305          0.9863408029        -85.7167241275
     134        -86.9958136526          1.4175161668        -85.5782974858
     135        -87.1196652612          1.6326339042        -85.4870313569
     136        -86.9918674950          1.4054885673        -85.5863789277
     137        -86.6956680332          0.9870161006        -85.7086519326
     138        -86.3744231036          0.6843360867        -85.6900870169
     139        -86.1315491872          0.5688428507        -85.5627063365
     140        -86.0156922185          0.5455429140        -85.4701493046
     141        -86.0431634601          0.5362788912        -85.5068845689
     142        -86.2097271391          0.5725790761        -85.6371480630
     143        -86.4871944419          0.7678975147        -85.7192969272
     144        -86.8039394456          1.1602454233        -85.6436940223
     145        -87.0228078756          1.5128133110        -85.5099945646
     146        -87.0134167398          1.4792641150        -85.5341526248
     147        -86.7897756392          1.1274502531        -85.6623253861
     148        -86.4769031445          0.7642074488        -85.7126956957
     149        -86.1998690006          0.5730316178        -85.6268373828
     150        -86.0310991834          0.5203956150        -85.5107035684
     151        -86.0009533965          0.5133016288        -85.4876517678
     152        -86.1153455347          0.5317133557        -85.5836321790
     153        -86.3585906612          0.6610678399        -85.6975228213
     154        -86.6795789381          0.9880741980        -85.6915047401
     155        -86.9679572748          1.4026177396        -85.5653395352
     156        -87.0782978560          1.5591442795        -85.5191535765
     157        -86.9618473048          1.3522283878        -85.6096189170
     158        -86.6989698907          1.0029735539        -85.6959963369
     159        -86.4131031995          0.7454473275        -85.6676558719
     160        -86.1993398084          0.6392441262        -85.5600956822
     161        -86.1057139602          0.6120325999        -85.4936813603
     162        -86.1492896724          0.6080191876        -85.5412704848
     163        -86.3248622769          0.6688471361        -85.6560151408
     164        -86.5998051321          0.8926340299        -85.7071711022
     165        -86.8927690647          1.2702248689        -85.6225441957
     166        -87.0663720882          1.5369999816        -85.5293721066
     167        -87.0234248530          1.4548591891        -85.5685656640
     168        -86.7965652178          1.1375906870        -85.6589745307
     169        -86.4939381269          0.8120480945        -85.6818900324
     170        -86.2274996416          0.6237930195        -85.6037066221
     171        -86.0668272862          0.5531981499        -85.5136291363
     172        -86.0426950685          0.5328028033        -85.5098922652
     173        -86.1600044705          0.5586372487        -85.6013672218
     174        -86.3991170751          0.7099062719        -85.6892108032
     175        -86.7016215499          1.0374004246        -85.6642211252
     176        -86.9511343850          1.3862770868        -85.5648572981
     177        -87.0226956831          1.4704680775        -85.5522276055
     178        -86.8927822845          1.2686839665        -85.6240983180
     179        -86.6349940835          0.9561851593        -85.6788089242
     180        -86.3584080108          0.7127314738        -85.6456765370
     181        -86.1527682283          0.5952751918        -85.5574930365
     182        -86.0650666339          0.5520523400        -85.5130142939
     183        -86.1121230137          0.5475303547        -85.5645926590
     184        -86.2870538751          0.6286489581        -85.6584049170
     185        -86.5520766643          0.8707918240        -85.6812848403
     186        -86.8189811158          1.2168415734        -85.6021395423
     187        -86.9594356485          1.4091888109        -85.5502468376
     188        -86.9057094547          1.3109446399        -85.5947648148
     189        -86.6956607372          1.0405729083        -85.6550878289
     190        -86.4203802311          0.7592626286        -85.6611176025
     191        -86.1800299420          0.5849440730        -85.5950858690
     192        -86.0417451012          0.5115816409        -85.5301634603
     193        -86.0362492172          0.4952162192        -85.5410329980
     194        -86.1670740090          0.5462246269        -85.6208493821
     195        -86.4101759080          0.7312934802        -85.6788824279
     196        -86.7002696653          1.0588653278        -85.6414043375
     197        -86.9226281439          1.3496691709        -85.5729589730
     198        -86.9766872518          1.3947605135        -85.5819267383
     199        -86.8553464801          1.2217984889        -85.6335479913
     200        -86.6227853085          0.9598858779        -85.6628994306
     201        -86.3737139297          0.7438906273        -85.6298233024
     202        -86.1909213821          0.6279613349        -85.5629600472
     203        -86.1205054236          0.5823959615        -85.5381094621
     204        -86.1798458366          0.5915511159        -85.5882947206
     205        -86.3613296827          0.7026591898        -85.6586704929
     206        -86.6219921699          0.9631755677        -85.6588166022
     207        -86.8681816427          1.2731204507        -85.5950611920
     208        -86.9871974766          1.4097085223        -85.5774889543
     209        -86.9370741066          1.3165619332        -85.6205121734
     210        -86.7556546369          1.1031995840        -85.6524550529
     211        -86.5170230885          0.8736866393        -85.6433364492
     212        -86.3098870601          0.7203825060        -85.5895045542
     213        -86.1975381975          0.6496410528        -85.5478971447
     214        -86.2096069806          0.6406128132        -85.5689941674
     215        -86.3484949227          0.7142861195        -85.6342088032
     216        -86.5869029141          0.9226453903        -85.6642575238
     217        -86.8536043564          1.2342091025        -85.6193952539
     218        -87.0375830439          1.4575056610        -85.5800773829
     219        -87.0613027875          1.4524500085        -85.6088527789
     220        -86.9332439459          1.2882249408        -85.6450190051
     221        -86.7085864945          1.0591048343        -85.6494816602
     222        -86.4666459189          0.8515973601        -85.6150485588
     223        -86.2827876735          0.7137382869        -85.5690493865
     224        -86.2018643991          0.6379012521        -85.5639631470
     225        -86.2421743188          0.6305176460        -85.6116566728
     226        -86.3940196102          0.7367944564        -85.6572251538
     227        -86.6103457485          0.9734290304        -85.6369167182
     228        -86.7981219632          1.2078504057        -85.5902715575
     229        -86.8648422460          1.2673457544        -85.5974964917
     230        -86.7886955957          1.1518943436        -85.6368012521
     231        -86.6082597095          0.9628518654        -85.6454078440
     232        -86.3845616769          0.7591433309        -85.6254183461
     233        -86.1927368021          0.6068791452        -85.5858576570
     234        -86.0911336422          0.5253940311        -85.5657396110
     235        -86.1096700746          0.5170580605        -85.5926120141
     236        -86.2499966554          0.6097811795        -85.6402154759
     237        -86.4817697699          0.8363275387        -85.6454422312
     238        -86.7294161931          1.1249179350        -85.6044982581
     239        -86.8933731912          1.3002131971        -85.5931599941
     240        -86.9187076499          1.2883615980        -85.6303460519
     241        -86.8205463062          1.1719754006        -85.6485709057
     242        -86.6440557448          1.0111391515        -85.6329165934
     243        -86.4513029452          0.8494614454        -85.6018414998
     244        -86.3085214343          0.7325347112        -85.5759867231
     245        -86.2601048897          0.6737477406        -85.5863571492
     246        -86.3253537015          0.6975788432        -85.6277748584
     247        -86.4927271988          0.8428390475        -85.6498881513
     248        -86.7087687338          1.0886231855        -85.6201455483
     249        -86.8836501492          1.2882935252        -85.5953566240
     250        -86.9452990485          1.3282799969        -85.6170190516
     251        -86.8827569605          1.2336467701        -85.6491101905
     252        -86.7316359896          1.0916615489        -85.6399744407
     253        -86.5406762376          0.9281543882        -85.6125218494
     254        -86.3726047544          0.7870670917        -85.5855376627
     255        -86.2815797283          0.6983926300        -85.5831870983
     256        -86.2973523652          0.6848260023        -85.6125263629
     257        -86.4216401320          0.7790821282        -85.6425580038
     258        -86.6197136093          0.9908575487        -85.6288560606
     259        -86.8133867481          1.2154777943        -85.5979089538
     260        -86.9181544286          1.3120615344        -85.6060928942
     261        -86.8987637727          1.2549120143        -85.6438517585
     262        -86.7756452247          1.1288441086        -85.6468011161
     263        -86.5861483313          0.9672813910        -85.6188669403
     264        -86.3819073843          0.7882498894        -85.5936574949
     265        -86.2236458789          0.6395436356        -85.5841022433
     266        -86.1551581720          0.5519992654        -85.6031589066
     267        -86.1952156854          0.5600219414        -85.6351937440
     268        -86.3311822177          0.6919277406        -85.6392544772
     269        -86.5092795102          0.9023144810        -85.6069650292
     270        -86.6482652458          1.0554855564        -85.5927796893
     271        -86.6899058980          1.0696687875        -85.6202371105
     272        -86.6301574508          0.9833888768        -85.6467685741
     273        -86.5013032244          0.8723243730        -85.6289788514
     274        -86.3430558359          0.7418027960        -85.6012530399
     275        -86.2084747948          0.6221359532        -85.5863388416
     276        -86.1466558773          0.5520132066        -85.5946426706
     277        -86.1856059096          0.5648496119        -85.6207562977
     278        -86.3240074659          0.6887139235        -85.6352935424
     279        -86.5238143707          0.9101607963        -85.6136535745
     280        -86.7138236270          1.1194153106        -85.5944083164
     281        -86.8257896720          1.2195860291        -85.6062036429
     282        -86.8280589394          1.1883653302        -85.6396936093
     283        -86.7388350088          1.0991216722        -85.6397133366
     284        -86.5918737450          0.9816245551        -85.6102491899
     285        -86.4290162647          0.8379853729        -85.5910308917
     286        -86.3040705633          0.7130391378        -85.5910314256
     287        -86.2585710595          0.6469801818        -85.6115908777
     288        -86.3089837767          0.6759962050        -85.6329875717
     289        -86.4406972022          0.8147950901        -85.6259021121
     290        -86.6005342704          0.9978483099        -85.6026859604
     291        -86.7208923739          1.1230179921        -85.5978743819
     292        -86.7543899815          1.1301867901        -85.6242031914
     293        -86.6972741370          1.0497069979        -85.6475671391
     294        -86.5800564684          0.9517097022        -85.6283467662
     295        -86.4358739454          0.8375262307        -85.5983477147
     296        -86.3101623145          0.7234382526        -85.5867240619
     297        -86.2483285656          0.6501708409        -85.5981577247
     298        -86.2756855603          0.6534307470        -85.6222548133
     299        -86.3918141571          0.7606190164        -85.6311951407
     300        -86.5603349862          0.9497761940        -85.6105587922
     301        -86.7172846258          1.1197492667        -85.5975353591
     302        -86.8047884793          1.1940962646        -85.6106922147
     303        -86.7955219985          1.1543447930        -85.6411772055
     304        -86.7044676465          1.0575881865        -85.6468794600
     305        -86.5634866835          0.9411212399        -85.6223654436
     306        -86.4101332640          0.8076184128        -85.6025148512
     307        -86.2919143411          0.6926966165        -85.5992177246
     308        -86.2455864154          0.6314701318        -85.6141162836
     309        -86.2860613885          0.6563631559        -85.6296982326
     310        -86.4005403355          0.7802444094        -85.6202959261
     311        -86.5410855861          0.9405001846        -85.6005854015
     312        -86.6482558587          1.0500642531        -85.5981916056
     313        -86.6809124743          1.0617622364        -85.6191502379
     314        -86.6322928237          0.9919160046        -85.6403768191
     315        -86.5290609451          0.9000924233        -85.6289685218
     316        -86.4046023228          0.7994391387        -85.6051631840
     317        -86.2977883302          0.7018612448        -85.5959270854
     318        -86.2479316756          0.6416257928        -85.6063058827
     319        -86.2770244374          0.6513869086        -85.6256375288
     320        -86.3840957764          0.7533119812        -85.6307837952
     321        -86.5344761815          0.9195636212        -85.6149125603
     322        -86.6717008320          1.0650995801        -85.6066012520
     323        -86.7483144078          1.1348851397        -85.6134292681
     324        -86.7386147029          1.1023280276        -85.6362866754
     325        -86.6553313739          1.0118742237        -85.6434571502
     326        -86.5308573318          0.9094791821        -85.6213781497
     327        -86.3997523491          0.7977453077        -85.6020070413
     328        -86.3028530947          0.7010586643        -85.6017944304
     329        -86.2737349186          0.6553142582        -85.6184206604
     330        -86.3252747223          0.6935003495        -85.6317743728
     331        -86.4429044349          0.8200287250        -85.6228757099
     332        -86.5816104535          0.9703747344        -85.6112357191
     333        -86.6918484476          1.0850090060        -85.6068394416
     334        -86.7364074558          1.1181376347        -85.6182698210
     335        -86.7064615854          1.0703170839        -85.6361445014
     336        -86.6290906212          1.0042135777        -85.6248770435
     337        -86.5353898365          0.9353584891        -85.6000313474
     338        -86.4560710231          0.8617519113        -85.5943191118
     339        -86.4250995392          0.8125759523        -85.6125235869
     340        -86.4620887255          0.8256389898        -85.6364497358
     341        -86.5634203592          0.9237030517        -85.6397173075
     342        -86.6935582150          1.0682553584        -85.6253028566
     343        -86.8014368377          1.1825328586        -85.6189039791
     344        -86.8494861657          1.2313971877        -85.6180889780
     345        -86.8183048838          1.1863782065        -85.6319266773
     346        -86.7218333426          1.0862430939        -85.6355902488
     347        -86.5923116273          0.9783380408        -85.6139735865
     348        -86.4614858400          0.8636714375        -85.5978144025
     349        -86.3624351376          0.7580733448        -85.6043617928
     350        -86.3231274110          0.6961306617        -85.6269967492
     351        -86.3553108593          0.7173093254        -85.6380015340
     352        -86.4413383034          0.8161714271        -85.6251668763
     353        -86.5368160953          0.9165913577        -85.6202247376
     354        -86.6060800131          0.9915101621        -85.6145698509
     355        -86.6229466625          1.0078525397        -85.6150941228
     356        -86.5807845108          0.9540005205        -85.6267839904
     357        -86.5045479384          0.8850786369        -85.6194693015
     358        -86.4218694179          0.8205210484        -85.6013483694
     359        -86.3571149829          0.7567303447        -85.6003846382
     360        -86.3356709691          0.7165227454        -85.6191482237
     361        -86.3732271101          0.7357056536        -85.6375214564
     362        -86.4636577961          0.8296928766        -85.6339649195
     363        -86.5707008253          0.9407917690        -85.6299090562
     364        -86.6583186752          1.0273071427        -85.6310115325
     365        -86.7020633489          1.0830238998        -85.6190394490
     366        -86.6816626863          1.0606108359        -85.6210518505
     367        -86.6083176476          0.9813266859        -85.6269909617
     368        -86.5121388776          0.8952565355        -85.6168823422
     369        -86.4212940394          0.8121960277        -85.6090980117
     370        -86.3623465173          0.7469742914        -85.6153722260
     371        -86.3556679915          0.7262841543        -85.6293838372
     372        -86.4070134763          0.7755539704        -85.6314595060
     373        -86.4941633236          0.8682507109        -85.6259126127
     374        -86.5811615089          0.9466353544        -85.6345261545
     375        -86.6475875630          1.0226545662        -85.6249329968
     376        -86.6714204579          1.0576527295        -85.6137677284
     377        -86.6435401328          1.0232495392        -85.6202905936
     378        -86.5847741976          0.9622533132        -85.6225208845
     379        -86.5213311296          0.9066167202        -85.6147144094
     380        -86.4744479644          0.8604058232        -85.6140421412
     381        -86.4628327084          0.8412853287        -85.6215473797
     382        -86.4950973873          0.8691502435        -85.6259471438
     383        -86.5603682612          0.9387369984        -85.6216312629
     384        -86.6264666852          0.9912801345        -85.6351865506
     385        -86.6746579508          1.0365298617        -85.6381280891
     386        -86.6892711796          1.0711514755        -85.6181197041
     387        -86.6514690729          1.0404627390        -85.6110063339
     388        -86.5687461725          0.9487843295        -85.6199618430
     389        -86.4690130766          0.8475595429        -85.6214535337
     390        -86.3788121831          0.7593707460        -85.6194414371
     391        -86.3210810494          0.7037502239        -85.6173308255
     392        -86.3097953088          0.6953943042        -85.6144010046
     393        -86.3435756405          0.7333618075        -85.6102138329
     394        -86.4004276714          0.7766323099        -85.6237953614
     395        -86.4601771720          0.8180821994        -85.6420949726
     396        -86.5100995832          0.8807129763        -85.6293866069
     397        -86.5282847307          0.9158742678        -85.6124104629
     398        -86.5041633905          0.8877787955        -85.6163845950
     399        -86.4529814420          0.8264526950        -85.6265287470
     400        -86.4010233024          0.7724562252        -85.6285670772
     401        -86.3707466584          0.7450825494        -85.6256641090
     402        -86.3772945146          0.7608037011        -85.6164908135
     403        -86.4204648861          0.8140153011        -85.6064495849
     404        -86.4813174332          0.8680400015        -85.6132774316
     405        -86.5386716520          0.8948330838        -85.6438385682
     406        -86.5857928859          0.9395293941        -85.6462634917
     407        -86.6071025933          0.9858437037        -85.6212588896
     408        -86.5849855719          0.9787301455        -85.6062554264
     409        -86.5233228954          0.9089255572        -85.6143973381
     410        -86.4462875732          0.8194295323        -85.6268580409
     411        -86.3804827634          0.7468603594        -85.6336224040
     412        -86.3478211018          0.7205280655        -85.6272930362
     413        -86.3575361600          0.7482896394        -85.6092465206
     414        -86.3980111730          0.7962768716        -85.6017343014
     415        -86.4463025177          0.8156010006        -85.6307015171
     416        -86.4954948645          0.8427113005        -85.6527835640
     417        -86.5388901546          0.9060737003        -85.6328164542
     418        -86.5560275544          0.9520353866        -85.6039921678
     419        -86.5366685347          0.9357363609        -85.6009321738
     420        -86.4934272073          0.8766552559        -85.6167719513
     421        -86.4498707965          0.8181197674        -85.6317510291
     422        -86.4271058675          0.7926196203        -85.6344862473
     423        -86.4386553971          0.8207417323        -85.6179136647
     424        -86.4802699141          0.8820715513        -85.5981983628
     425        -86.5277903820          0.9121691440        -85.6156212380
     426        -86.5685301647          0.9132125713        -85.6553175934
     427        -86.6043915894          0.9521735460        -85.6522180433
     428        -86.6210394351          1.0040617057        -85.6169777294
     429        -86.6012793666          1.0050287895        -85.5962505772
     430        -86.5478591601          0.9409344264        -85.6069247336
     431        -86.4839908298          0.8564139236        -85.6275769062
     432        -86.4348599016          0.7962858027        -85.6385740989
     433        -86.4179855290          0.7891915707        -85.6287939582
     434        -86.4375268271          0.8359831792        -85.6015436479
     435        -86.4755197716          0.8802579892        -85.5952617824
     436        -86.5104615122          0.8730610394        -85.6374004728
     437        -86.5449401698          0.8835360314        -85.6614041384
     438        -86.5758315014          0.9411356719        -85.6346958295
     439        -86.5826216833          0.9832250823        -85.5993966010
     440        -86.5535846734          0.9575515979        -85.5960330756
     441        -86.5008119211          0.8831525523        -85.6176593687
     442        -86.4504813511          0.8141253303        -85.6363560208
     443        -86.4249234210          0.7884108558        -85.6365125652
     444        -86.4341563997          0.8194910943        -85.6146653054
     445        -86.4686235377          0.8774675234        -85.5911560143
     446        -86.5010440332          0.8836267101        -85.6174173231
     447        -86.5256707169          0.8632477162        -85.6624230007
     448        -86.5512317306          0.8965840659        -85.6546476647
     449        -86.5641448779          0.9526281071        -85.6115167708
     450        -86.5465147936          0.9592363496        -85.5872784440
     451        -86.4990126978          0.8936243150        -85.6053883828
     452        -86.4445868649          0.8086510403        -85.6359358246
     453        -86.4088610109          0.7595100849        -85.6493509260
     454        -86.4065159497          0.7719760025        -85.6345399472
     455        -86.4376746376          0.8364078836        -85.6012667541
     456        -86.4802700671          0.8834709428        -85.5967991243
     457        -86.5154572538          0.8734562272        -85.6420010266
     458        -86.5515333057          0.8878712410        -85.6636620647
     459        -86.5866351679          0.9528217612        -85.6338134068
     460        -86.6025453583          1.0096514354        -85.5928939229
     461        -86.5867754582          0.9964312355        -85.5903442227
     462        -86.5499192861          0.9271999960        -85.6227192901
     463        -86.5194812185          0.8724060074        -85.6470752111
     464        -86.5141614964          0.8689298346        -85.6452316618
     465        -86.5388560300          0.9210748753        -85.6177811547
     466        -86.5809013035          0.9888055097        -85.5920957937
     467        -86.6148497246          0.9950258768        -85.6198238478
     468        -86.6395590557          0.9789079887        -85.6606510670
     469        -86.6646558183          1.0139953238        -85.6506604945
     470        -86.6772511842          1.0705764907        -85.6066746935
     471        -86.6581447043          1.0746346690        -85.5835100353
     472        -86.6083153848          0.9983679000        -85.6099474848
     473        -86.5534925405          0.9092940087        -85.6441985318
     474        -86.5179751802          0.8644638555        -85.6535113247
     475        -86.5122803379          0.8803793529        -85.6319009850
     476        -86.5310370404          0.9328232486        -85.5982137917
     477        -86.5527694066          0.9529498969        -85.5998195097
     478        -86.5653535175          0.9246782884        -85.6406752292
     479        -86.5789260553          0.9233491837        -85.6555768717
     480        -86.5914115241          0.9662219238        -85.6251896003
     481        -86.5837859472          0.9935277394        -85.5902582078
     482        -86.5428724038          0.9416272161        -85.6012451878
     483        -86.4838904674          0.8412638192        -85.6426266482
     484        -86.4367544061          0.7733351419        -85.6634192642
     485        -86.4174656015          0.7681170060        -85.6493485955
     486        -86.4271223105          0.8127668619        -85.6143554485
     487        -86.4511620527          0.8565710337        -85.5945910190
     488        -86.4715248291          0.8521758334        -85.6193489957
     489        -86.4895632431          0.8401254676        -85.6494377755
     490        -86.5112692308          0.8739256335        -85.6373435974
     491        -86.5248830670          0.9257306730        -85.5991523939
     492        -86.5125737826          0.9267714219        -85.5858023608
     493        -86.4737623849          0.8501455661        -85.6236168188
     494        -86.4337448116          0.7732103123        -85.6605344993
     495        -86.4148504982          0.7515470047        -85.6633034935
     496        -86.4245337077          0.7905479535        -85.6339857542
     497        -86.4550556883          0.8527036672        -85.6023520211
     498        -86.4895701667          0.8819339337        -85.6076362330
     499        -86.5215032977          0.8830955120        -85.6384077857
     500        -86.5562128228          0.9098842883        -85.6463285345
     501        -86.5882173772          0.9718703703        -85.6163470069
     502        -86.5974774723          1.0117195529        -85.5857579194
     503        -86.5690802915          0.9635034221        -85.6055768694
     504        -86.5195361832          0.8669181031        -85.6526180801
     505        -86.4806526660          0.8101327911        -85.6705198750
     506        -86.4675105834          0.8192959966        -85.6482145868
     507        -86.4791640208          0.8708972566        -85.6082667643
     508        -86.5016087389          0.9090957271        -85.5925130119
     509        -86.5241793326          0.9085994999        -85.6155798327
     510        -86.5483736198          0.9069931336        -85.6413804862
     511        -86.5743901523          0.9408528939        -85.6335372584
     512        -86.5899463120          0.9848133661        -85.6051329459
     513        -86.5762312692          0.9750837436        -85.6011475256
     514        -86.5311830087          0.8901716430        -85.6410113656
     515        -86.4817812485          0.8107656769        -85.6710155716
     516        -86.4509888176          0.7896990677        -85.6612897499
     517        -86.4442416349          0.8198925621        -85.6243490729
     518        -86.4536602395          0.8553661445        -85.5982940951
     519        -86.4669441916          0.8550152946        -85.6119288970
     520        -86.4828244099          0.8398635351        -85.6429608748
     521        -86.5044494080          0.8548685036        -85.6495809044
     522        -86.5233713352          0.9021658948        -85.6212054405
     523        -86.5194132282          0.9250755788        -85.5943376494
     524        -86.4780030612          0.8617990646        -85.6162039966
     525        -86.4172102456          0.7578256287        -85.6593846168
     526        -86.3691836141          0.6993102120        -85.6698734022
     527        -86.3490224810          0.7062643793        -85.6427581017
     528        -86.3555454479          0.7478057668        -85.6077396811
     529        -86.3763331595          0.7718734153        -85.6044597442
     530        -86.4043407030          0.7724859904        -85.6318547126
     531        -86.4394736094          0.7844763918        -85.6549972176
     532        -86.4784911205          0.8360531929        -85.6424379276
     533        -86.5059736623          0.8965960702        -85.6093775921
     534        -86.5024327648          0.8983525412        -85.6040802236
     535        -86.4690362929          0.8298791876        -85.6391571054
     536        -86.4318134278          0.7671365534        -85.6646768744
     537        -86.4140322843          0.7611859182        -85.6528463661
     538        -86.4223222929          0.8034297601        -85.6188925329
     539        -86.4480538983          0.8486472683        -85.5994066301
     540        -86.4795099781          0.8611445848        -85.6183653933
     541        -86.5144572577          0.8628356195        -85.6516216382
     542        -86.5522252881          0.8922806024        -85.6599446857
     543        -86.5831283280          0.9517237871        -85.6314045409
     544        -86.5874216608          0.9833758001        -85.6040458607
     545        -86.5537259814          0.9340985918        -85.6196273896
     546        -86.5002319695          0.8479126470        -85.6523193225
     547        -86.4571741053          0.7997898951        -85.6573842102
     548        -86.4408502290          0.8090830217        -85.6317672073
     549        -86.4498809526          0.8473650466        -85.6025159060
     550        -86.4717277775          0.8643492486        -85.6073785289
     551        -86.5007654964          0.8608248839        -85.6399406125
     552        -86.5371384343          0.8737813639        -85.6633570704
     553        -86.5751628855          0.9251065041        -85.6500563814
     554        -86.5979691422          0.9789519298        -85.6190172125
     555        -86.5876619737          0.9716869217        -85.6159750520
     556        -86.5496749821          0.9089831668        -85.6406918154
     557        -86.5088205523          0.8520707181        -85.6567498342
     558        -86.4849496021          0.8402613650        -85.6446882371
     559        -86.4857746797          0.8712626501        -85.6145120296
     560        -86.5045666427          0.9051659628        -85.5994006799
     561        -86.5304387916          0.9090992866        -85.6213395050
     562        -86.5618705921          0.9090102314        -85.6528603608
     563        -86.5981417828          0.9408679929        -85.6572737900
     564        -86.6263534932          0.9958104807        -85.6305430125
     565        -86.6253054016          1.0108335601        -85.6144718415
     566        -86.5895567108          0.9587960508        -85.6307606600
     567        -86.5376881800          0.8867789105        -85.6509092695
     568        -86.4931830807          0.8440409562        -85.6491421245
     569        -86.4701158398          0.8446631707        -85.6254526691
     570        -86.4694209750          0.8682211347        -85.6011998402
     571        -86.4814548757          0.8727585216        -85.6086963541
     572        -86.5025729440          0.8627553207        -85.6398176233
     573        -86.5329672580          0.8751572643        -85.6578099937
     574        -86.5661179525          0.9228924647        -85.6432254879
     575        -86.5834114579          0.9614690167        -85.6219424412
     576        -86.5704893270          0.9460314371        -85.6244578899
     577        -86.5360789584          0.8955532456        -85.6405257128
     578        -86.4993212677          0.8496747419        -85.6496465258
     579        -86.4761409669          0.8343753272        -85.6417656397
     580        -86.4749867506          0.8556790131        -85.6193077375
     581        -86.4919499542          0.8832640323        -85.6086859219
     582        -86.5171585589          0.8881241343        -85.6290344246
     583        -86.5480280434          0.8949285228        -85.6530995206
     584        -86.5826427191          0.9296155562        -85.6530271629
     585        -86.6086777580          0.9763075260        -85.6323702320
     586        -86.6103436641          0.9879797266        -85.6223639375
     587        -86.5871590948          0.9565177418        -85.6306413530
     588        -86.5514843164          0.9064192378        -85.6450650787
     589        -86.5209577713          0.8746930771        -85.6462646941
     590        -86.5094611428          0.8784844357        -85.6309767071
     591        -86.5191469352          0.9058978739        -85.6132490613
     592        -86.5403680374          0.9212341794        -85.6191338580
     593        -86.5672611037          0.9238151324        -85.6434459713
     594        -86.5986015338          0.9443992153        -85.6542023185
     595        -86.6270905303          0.9882305577        -85.6388599725
     596        -86.6367297874          1.0152683295        -85.6214614579
     597        -86.6189268420          0.9979390283        -85.6209878137
     598        -86.5811994228          0.9454361954        -85.6357632274
     599        -86.5410115802          0.8921671944        -85.6488443858
     600        -86.5150178963          0.8685358072        -85.6464820891
     601        -86.5115830611          0.8822514623        -85.6293315988
     602        -86.5276436717          0.9093365061        -85.6183071656
     603        -86.5530108218          0.9231652641        -85.6298455576
     604        -86.5830961056          0.9408031433        -85.6422929623
     605        -86.6118291990          0.9731340040        -85.6386951950
     606        -86.6267563967          1.0021465100        -85.6246098867
     607        -86.6172981432          0.9976726853        -85.6196254579
     608        -86.5826634559          0.9525420652        -85.6301213908
     609        -86.5339026703          0.8839313320        -85.6499713383
     610        -86.4903333246          0.8353991402        -85.6549341844
     611        -86.4641603317          0.8213495318        -85.6428107999
     612        -86.4569314828          0.8283772811        -85.6285542017
     613        -86.4628763464          0.8286618984        -85.6342144480
     614        -86.4788170162          0.8285501319        -85.6502668842
     615        -86.5002412964          0.8453337489        -85.6549075476
     616        -86.5174212533          0.8755916969        -85.6418295565
     617        -86.5179434792          0.8918705307        -85.6260729485
     618        -86.4956072049          0.8756712632        -85.6199359417
     619        -86.4538455677          0.8216879539        -85.6321576138
     620        -86.4095066754          0.7641627655        -85.6453439099
     621        -86.3815764138          0.7376748738        -85.6439015400
     622        -86.3771156792          0.7438714007        -85.6332442786
     623        -86.3933251876          0.7611222644        -85.6322029232
     624        -86.4259668160          0.7804673134        -85.6454995026
     625        -86.4714554664          0.8182109125        -85.6532445540
     626        -86.5192419981          0.8720006434        -85.6472413547
     627        -86.5546182710          0.9193813479        -85.6352369232
     628        -86.5670292246          0.9382947692        -85.6287344553
     629        -86.5544245504          0.9221855776        -85.6322389728
     630        -86.5254729801          0.8824215286        -85.6430514515
     631        -86.4969683835          0.8547338101        -85.6422345734
     632        -86.4803040129          0.8498088233        -85.6304951895
     633        -86.4775560144          0.8534138305        -85.6241421839
     634        -86.4870895227          0.8527207309        -85.6343687917
     635        -86.5078330419          0.8615187909        -85.6463142510
     636        -86.5327682742          0.8841381405        -85.6486301336
     637        -86.5491118480          0.9061368949        -85.6429749531
     638        -86.5446770002          0.9068533663        -85.6378236339
     639        -86.5161639979          0.8801067103        -85.6360572876
     640        -86.4683610574          0.8257549677        -85.6426060897
     641        -86.4159923300          0.7709091804        -85.6450831496
     642        -86.3763207791          0.7418564336        -85.6344643455
     643        -86.3574055628          0.7340913007        -85.6233142621
     644        -86.3599169983          0.7325334539        -85.6273835443
     645        -86.3828410101          0.7447538190        -85.6380871911
     646        -86.4199767488          0.7776506673        -85.6423260815
     647        -86.4587517428          0.8167214729        -85.6420302699
     648        -86.4856097926          0.8417835981        -85.6438261945
     649        -86.4925741462          0.8461873980        -85.6463867483
     650        -86.4794483305          0.8297362861        -85.6497120444
     651        -86.4538111347          0.7990891983        -85.6547219364
     652        -86.4316426988          0.7862191287        -85.6454235701
     653        -86.4222384516          0.7942561639        -85.6279822877
     654        -86.4256422471          0.8017562178        -85.6238860293
     655        -86.4429987089          0.8089114437        -85.6340872652
     656        -86.4739907680          0.8341267366        -85.6398640313
     657        -86.5083494498          0.8703138972        -85.6380355526
     658        -86.5310195331          0.8938500139        -85.6371695192
     659        -86.5325830741          0.8924886351        -85.6400944390
     660        -86.5108674239          0.8657863855        -85.6450810384
     661        -86.4684479092          0.8121463830        -85.6563015262
     662        -86.4209779297          0.7637803184        -85.6571976113
     663        -86.3862609356          0.7472310242        -85.6390299115
     664        -86.3693702463          0.7437881591        -85.6255820872
     665        -86.3726676012          0.7413436568        -85.6313239445
     666        -86.4000700262          0.7634502296        -85.6366197965
     667        -86.4457580922          0.8138308310        -85.6319272613
     668        -86.4939404971          0.8667598868        -85.6271806103
     669        -86.5278989831          0.8954802372        -85.6324187460
     670        -86.5390942641          0.8968297317        -85.6422645324
     671        -86.5246039370          0.8672750825        -85.6573288545
     672        -86.4943025098          0.8269082538        -85.6673942559
     673        -86.4677147059          0.8141571580        -85.6535575478
     674        -86.4523035143          0.8177374287        -85.6345660857
     675        -86.4503152529          0.8134947212        -85.6368205317
     676        -86.4697930836          0.8251820588        -85.6446110249
     677        -86.5114211685          0.8720224374        -85.6393987311
     678        -86.5615874320          0.9360285801        -85.6255588520
     679        -86.5999313404          0.9780056832        -85.6219256571
     680        -86.6141955439          0.9837811323        -85.6304144116
     681        -86.5995134553          0.9546713931        -85.6448420622
     682        -86.5580089527          0.8954443505        -85.6625646022
     683        -86.5087662057          0.8483763328        -85.6603898729
     684        -86.4681113900          0.8297561632        -85.6383552268
     685        -86.4394375873          0.8076765830        -85.6317610043
     686        -86.4320172751          0.7885916319        -85.6434256432
     687        -86.4556680680          0.8100516163        -85.6456164518
     688        -86.5054707778          0.8753456155        -85.6301251623
     689        -86.5626490110          0.9495238179        -85.6131251931
     690        -86.6051181366          0.9920053195        -85.6131128171
     691        -86.6213680424          0.9956601523        -85.6257078901
     692        -86.6082725883          0.9584409432        -85.6498316451
     693        -86.5767462631          0.9088590196        -85.6678872435
     694        -86.5469252119          0.8910824946        -85.6558427174
     695        -86.5259131767          0.8895974231        -85.6363157536
     696        -86.5147694339          0.8732040904        -85.6415653435
     697        -86.5222298763          0.8688592590        -85.6533706173
     698        -86.5519505710          0.9016090185        -85.6503415525
     699        -86.5921258074          0.9577179373        -85.6344078701
     700        -86.6214441104          0.9985257793        -85.6229183311
     701        -86.6257741532          1.0044885532        -85.6212856000
     702        -86.5986472870          0.9705981166        -85.6280491704
     703        -86.5430186088          0.8973367090        -85.6456818998
     704        -86.4803060441          0.8347819614        -85.6455240827
     705        -86.4286518472          0.8058948761        -85.6227569711
     706        -86.3919983893          0.7740128362        -85.6179855531
     707        -86.3788236404          0.7412272477        -85.6375963927
     708        -86.4003621138          0.7512494610        -85.6491126527
     709        -86.4529423586          0.8125259056        -85.6404164530
     710        -86.5165691329          0.8905361154        -85.6260330175
     711        -86.5683089137          0.9451615176        -85.6231473961
     712        -86.5960847005          0.9677961624        -85.6282885381
     713        -86.5929810191          0.9479858588        -85.6449951603
     714        -86.5673957846          0.9083397597        -85.6590560249
     715        -86.5418850001          0.8990234796        -85.6428615205
     716        -86.5253429329          0.9046798553        -85.6206630776
     717        -86.5207843385          0.8917650912        -85.6290192473
     718        -86.5395704196          0.8917265018        -85.6478439178
     719        -86.5864332083          0.9349303883        -85.6515028201
     720        -86.6496558971          1.0120126278        -85.6376432693
     721        -86.7036594575          1.0780551378        -85.6256043197
     722        -86.7275332532          1.1020531823        -85.6254800709
     723        -86.7130799519          1.0795389779        -85.6335409740
     724        -86.6606582699          1.0082058659        -85.6524524040
     725        -86.5896094841          0.9365377484        -85.6530717357
     726        -86.5219434592          0.8916708040        -85.6302726552
     727        -86.4657821447          0.8401509296        -85.6256312152
     728        -86.4332867357          0.7886825681        -85.6446041676
     729        -86.4371979857          0.7803744384        -85.6568235474
     730        -86.4738055513          0.8242206491        -85.6495849022
     731        -86.5233228985          0.8888562737        -85.6344666248
     732        -86.5625461623          0.9327305091        -85.6298156532
     733        -86.5777615909          0.9455546847        -85.6322069062
     734        -86.5608664000          0.9168556834        -85.6440107165
     735        -86.5187467993          0.8644862141        -85.6542605853
     736        -86.4711243863          0.8304077420        -85.6407166443
     737        -86.4292404056          0.8066247397        -85.6226156659
     738        -86.3996001375          0.7677463223        -85.6318538153
     739        -86.3966079775          0.7446512505        -85.6519567270
     740        -86.4282143497          0.7687483946        -85.6594659551
     741        -86.4848346872          0.8347442213        -85.6500904659
     742        -86.5410534201          0.9029130391        -85.6381403810
     743        -86.5739853029          0.9406675226        -85.6333177803
     744        -86.5727973799          0.9396176560        -85.6331797239
     745        -86.5349792932          0.8922140609        -85.6427652323
     746        -86.4753784743          0.8328699268        -85.6425085475
     747        -86.4137415300          0.7885471955        -85.6251943345
     748        -86.3614448918          0.7392511834        -85.6221937084
     749        -86.3329176748          0.6919660875        -85.6409515873
     750        -86.3435230379          0.6867867561        -85.6567362817
     751        -86.3916190115          0.7338156558        -85.6578033558
     752        -86.4582575710          0.8069221426        -85.6513354284
     753        -86.5187901275          0.8678091868        -85.6509809407
     754        -86.5573406377          0.9075833386        -85.6497572991
     755        -86.5641644067          0.9155159404        -85.6486484663
     756        -86.5408511697          0.8929173818        -85.6479337879
     757        -86.5029955339          0.8690269152        -85.6339686187
     758        -86.4638985182          0.8466237139        -85.6172748043
     759        -86.4349982437          0.8155015185        -85.6194967252
     760        -86.4309935172          0.7979181396        -85.6330753776
     761        -86.4584887291          0.8169917087        -85.6414970204
     762        -86.5086655163          0.8684889422        -85.6401765741
     763        -86.5586621571          0.9180907446        -85.6405714125
     764        -86.5879308864          0.9409358467        -85.6469950398
     765        -86.5857775038          0.9359349324        -85.6498425714
     766        -86.5459760800          0.8921688122        -85.6538072678
     767        -86.4792605214          0.8254379771        -85.6538225443
     768        -86.4059265995          0.7613851646        -85.6445414349
     769        -86.3415602107          0.7001404234        -85.6414197873
     770        -86.3022783979          0.6524049035        -85.6498734943
     771        -86.3021639225          0.6469499061        -85.6552140164
     772        -86.3411157576          0.6916391508        -85.6494766068
     773        -86.4032626906          0.7648156724        -85.6384470181
     774        -86.4635501981          0.8276990317        -85.6358511664
     775        -86.5035789202          0.8665063116        -85.6370726087
     776        -86.5137546149          0.8739068656        -85.6398477493
     777        -86.4931590017          0.8495761176        -85.6435828842
     778        -86.4518823456          0.8095343592        -85.6423479864
     779        -86.4045694324          0.7647412465        -85.6398281860
     780        -86.3668329231          0.7197138971        -85.6471190261
     781        -86.3562265249          0.7023099891        -85.6539165358
     782        -86.3811524513          0.7305513030        -85.6506011483
     783        -86.4338638445          0.7938794456        -85.6399843990
     784        -86.4924272770          0.8574879468        -85.6349393302
     785        -86.5347689274          0.8945982285        -85.6401706989
     786        -86.5487552743          0.9055484625        -85.6432068118
     787        -86.5282078149          0.8854630970        -85.6427447179
     788        -86.4774815349          0.8360127423        -85.6414687926
     789        -86.4112388544          0.7696481953        -85.6415906591
     790        -86.3466163325          0.6943771084        -85.6522392241
     791        -86.3061721612          0.6407783289        -85.6653938322
     792        -86.3082915011          0.6432153547        -85.6650761464
     793        -86.3544151592          0.7028411602        -85.6515739990
     794        -86.4284795753          0.7906003574        -85.6378792179
     795        -86.5045017580          0.8661406670        -85.6383610910
     796        -86.5636711454          0.9188359726        -85.6448351728
     797        -86.5941640409          0.9471389905        -85.6470250504
     798        -86.5885762912          0.9414673427        -85.6471089485
     799        -86.5525159416          0.9059943111        -85.6465216305
     800        -86.5003442307          0.8498529700        -85.6504912607
     801        -86.4510482491          0.7865907205        -85.6644575286
     802        -86.4294278397          0.7616388602        -85.6677889794
     803        -86.4467261150          0.7914241367        -85.6553019784
     804        -86.4968821260          0.8584892888        -85.6383928373
     805        -86.5603770303          0.9270205948        -85.6333564355
     806        -86.6147374778          0.9707831687        -85.6439543091
     807        -86.6445023560          0.9894288326        -85.6550735234
     808        -86.6398045690          0.9810678906        -85.6587366784
     809        -86.5991849224          0.9426009420        -85.6565839803
     810        -86.5344075061          0.8812440003        -85.6531635058
     811        -86.4636290014          0.8022308582        -85.6613981432
     812        -86.4124439071          0.7426972424        -85.6697466646
     813        -86.4034794438          0.7411097674        -85.6623696764
     814        -86.4409926303          0.7960466447        -85.6449459856
     815        -86.5122838741          0.8804089376        -85.6318749364
     816        -86.5933369696          0.9591526181        -85.6341843516
     817        -86.6615256262          1.0159616738        -85.6455639524
     818        -86.7012343104          1.0473514566        -85.6538828538
     819        -86.7017054974          1.0467539855        -85.6549515120
     820        -86.6628070421          1.0093807603        -85.6534262818
     821        -86.5955898003          0.9363349172        -85.6592548831
     822        -86.5227632665          0.8498961945        -85.6728670720
     823        -86.4733100244          0.8015372863        -85.6717727381
     824        -86.4619139618          0.8052538206        -85.6566601412
     825        -86.4858860258          0.8446827224        -85.6412033034
     826        -86.5287175247          0.8908024534        -85.6379150713
     827        -86.5685426004          0.9213946932        -85.6471479071
     828        -86.5883395661          0.9313303917        -85.6570091744
     829        -86.5784772966          0.9232130135        -85.6552642831
     830        -86.5341271483          0.8877983364        -85.6463288119
     831        -86.4624261932          0.8211272445        -85.6412989486
     832        -86.3819958630          0.7311799186        -85.6508159444
     833        -86.3240697747          0.6664624827        -85.6576072920
     834        -86.3148025853          0.6644035668        -85.6503990185
     835        -86.3595007957          0.7228195597        -85.6366812360
     836        -86.4459924578          0.8158883470        -85.6301041108
     837        -86.5497362338          0.9114140648        -85.6383221691
     838        -86.6438531985          0.9869326980        -85.6569205004
     839        -86.7081889083          1.0364916769        -85.6716972314
     840        -86.7299302348          1.0586912123        -85.6712390225
     841        -86.7048290724          1.0424227584        -85.6624063139
     842        -86.6427415888          0.9846791143        -85.6580624745
     843        -86.5680682845          0.9084590689        -85.6596092156
     844        -86.5131865729          0.8626597108        -85.6505268621
     845        -86.4968311220          0.8613796697        -85.6354514523
     846        -86.5206933622          0.8945455333        -85.6261478289
     847        -86.5721983343          0.9432225795        -85.6289757547
     848        -86.6289364718          0.9866201702        -85.6423163015
     849        -86.6695625499          1.0118642124        -85.6576983376
     850        -86.6793234322          1.0189739876        -85.6603494446
     851        -86.6491054781          0.9964204850        -85.6526849931
     852        -86.5809940380          0.9316103991        -85.6493836388
     853        -86.4938559272          0.8359746565        -85.6578812708
     854        -86.4202422891          0.7600385106        -85.6602037785
     855        -86.3872349705          0.7370757789        -85.6501591916
     856        -86.4044693971          0.7645912544        -85.6398781427
     857        -86.4644814425          0.8237605643        -85.6407208781
     858        -86.5457423566          0.8916084838        -85.6541338728
     859        -86.6209367999          0.9485933404        -85.6723434595
     860        -86.6674139714          0.9877542530        -85.6796597184
     861        -86.6710737336          1.0047912469        -85.6662824866
     862        -86.6250816314          0.9767184584        -85.6483631730
     863        -86.5380596899          0.8930418996        -85.6450177903
     864        -86.4382918138          0.7884748426        -85.6498169712
     865        -86.3596786682          0.7143545642        -85.6453241040
     866        -86.3227803473          0.6856680176        -85.6371123297
     867        -86.3312152815          0.6954493890        -85.6357658925
     868        -86.3747369118          0.7307165383        -85.6440203735
     869        -86.4329920423          0.7752449559        -85.6577470864
     870        -86.4827807546          0.8136491235        -85.6691316310
     871        -86.5061830426          0.8407240107        -85.6654590319
     872        -86.4911011913          0.8400130655        -85.6510881258
     873        -86.4386108773          0.7963451248        -85.6422657525
     874        -86.3686347830          0.7223122768        -85.6463225062
     875        -86.3131856330          0.6644598575        -85.6487257755
     876        -86.2984742515          0.6546562070        -85.6438180445
     877        -86.3329629690          0.6928461158        -85.6401168531
     878        -86.4105867512          0.7666956529        -85.6438910983
     879        -86.5129908323          0.8595273532        -85.6534634791
     880        -86.6102294772          0.9438310525        -85.6663984247
     881        -86.6761542940          1.0017524776        -85.6744018163
     882        -86.6950294677          1.0270831221        -85.6679463456
     883        -86.6602326392          1.0035299898        -85.6567026494
     884        -86.5818447972          0.9299132586        -85.6519315386
     885        -86.4871679509          0.8359301393        -85.6512378116
     886        -86.4089373793          0.7641496787        -85.6447877005
     887        -86.3687481432          0.7306373459        -85.6381107973
     888        -86.3727431915          0.7339974281        -85.6387457633
     889        -86.4131233615          0.7681328161        -85.6449905453
     890        -86.4696877096          0.8190578705        -85.6506298390
     891        -86.5148007620          0.8595822101        -85.6552185520
     892        -86.5281738256          0.8753453864        -85.6528284392
     893        -86.5000883536          0.8548916488        -85.6451967048
     894        -86.4318741039          0.7889029159        -85.6429711880
     895        -86.3423177998          0.6929775674        -85.6493402324
     896        -86.2641086463          0.6109703109        -85.6531383354
     897        -86.2250885481          0.5738935952        -85.6511949530
     898        -86.2391115002          0.5880815448        -85.6510299554
     899        -86.3035270647          0.6482460972        -85.6552809674
     900        -86.4006113411          0.7428478925        -85.6577634486
     901        -86.5020522121          0.8454286315        -85.6566235807
     902        -86.5786146081          0.9258180638        -85.6527965442
     903        -86.6106677430          0.9689456448        -85.6417220981
     904        -86.5885708415          0.9543044880        -85.6342663534
     905        -86.5206402644          0.8823609555        -85.6382793089
     906        -86.4337292909          0.7862247434        -85.6475045475
     907        -86.3602450581          0.7098355398        -85.6504095183
     908        -86.3234810439          0.6741754315        -85.6493056123
     909        -86.3326462474          0.6813704786        -85.6512757688
     910        -86.3829486307          0.7273284662        -85.6556201645
     911        -86.4565816934          0.8010214161        -85.6555602773
     912        -86.5255271933          0.8732215918        -85.6523056015
     913        -86.5645623989          0.9189322329        -85.6456301660
     914        -86.5602447027          0.9247999597        -85.6354447430
     915        -86.5123999169          0.8823260296        -85.6300738873
     916        -86.4381290803          0.8065353684        -85.6315937119
     917        -86.3667348106          0.7294731309        -85.6372616797
     918        -86.3266245370          0.6840896658        -85.6425348712
     919        -86.3336850105          0.6837644925        -85.6499205179
     920        -86.3886498309          0.7292532375        -85.6593965934
     921        -86.4781531130          0.8130124605        -85.6651406525
     922        -86.5765337165          0.9116062213        -85.6649274952
     923        -86.6529170051          0.9888239122        -85.6640930929
     924        -86.6839845925          1.0236649017        -85.6603196908
     925        -86.6601945442          1.0048789516        -85.6553155926
     926        -86.5897608187          0.9392109828        -85.6505498359
     927        -86.4955645703          0.8465187066        -85.6490458637
     928        -86.4084808829          0.7579722453        -85.6505086376
     929        -86.3553046044          0.7015295551        -85.6537750493
     930        -86.3503326123          0.6925650211        -85.6577675912
     931        -86.3934898094          0.7355531408        -85.6579366686
     932        -86.4691762178          0.8191457203        -85.6500304975
     933        -86.5489213884          0.9079471608        -85.6409742276
     934        -86.6048129168          0.9659978738        -85.6388150430
     935        -86.6207412833          0.9782251683        -85.6425161150
     936        -86.5957562705          0.9482651827        -85.6474910878
     937        -86.5434838871          0.8943142445        -85.6491696425
     938        -86.4859246218          0.8341937841        -85.6517308377
     939        -86.4480952920          0.7923361131        -85.6557591789
     940        -86.4485884624          0.7884322337        -85.6601562287
     941        -86.4926948052          0.8316948816        -85.6609999235
     942        -86.5725507476          0.9183637450        -85.6541870026
     943        -86.6663884828          1.0249313144        -85.6414571683
     944        -86.7428052969          1.1085512582        -85.6342540387
     945        -86.7773325800          1.1400511621        -85.6372814179
     946        -86.7584037433          1.1101324655        -85.6482712778
     947        -86.6920508353          1.0345307347        -85.6575201006
     948        -86.5975724211          0.9357111275        -85.6618612936
     949        -86.5002603127          0.8359404699        -85.6643198429
     950        -86.4267557624          0.7624618864        -85.6642938761
     951        -86.3951425549          0.7321477797        -85.6629947753
     952        -86.4102860806          0.7518656344        -85.6584204462
     953        -86.4625280155          0.8139815185        -85.6485464971
     954        -86.5287445806          0.8902312183        -85.6385133623
     955        -86.5812562379          0.9439722267        -85.6372840112
     956        -86.6008074223          0.9562641544        -85.6445432680
     957        -86.5808399924          0.9264103248        -85.6544296676
     958        -86.5294666811          0.8715858119        -85.6578808692
     959        -86.4662254413          0.8090036689        -85.6572217723
     960        -86.4160516269          0.7616056451        -85.6544459818
     961        -86.4003259619          0.7477147089        -85.6526112530
     962        -86.4294972661          0.7760828686        -85.6534143975
     963        -86.4990432398          0.8452711170        -85.6537721228
     964        -86.5911166305          0.9393212560        -85.6517953745
     965        -86.6785168745          1.0276030255        -85.6509138489
     966        -86.7329824816          1.0776868752        -85.6552956064
     967        -86.7379649280          1.0716745707        -85.6662903572
     968        -86.6943934912          1.0187846004        -85.6756088908
     969        -86.6181497113          0.9457835969        -85.6723661144
     970        -86.5336890176          0.8741182963        -85.6595707213
     971        -86.4675933128          0.8236938488        -85.6438994641
     972        -86.4397872519          0.8058745288        -85.6339127231
     973        -86.4585258483          0.8266779209        -85.6318479274
     974        -86.5176376957          0.8838172594        -85.6338204363
     975        -86.5965704206          0.9586116730        -85.6379587475
     976        -86.6667778676          1.0207226436        -85.6460552241
     977        -86.7018608751          1.0421716128        -85.6596892623
     978        -86.6881374309          1.0118010381        -85.6763363928
     979        -86.6318213541          0.9476511592        -85.6841701948
     980        -86.5548225236          0.8779157537        -85.6769067699
     981        -86.4821563710          0.8202228076        -85.6619335635
     982        -86.4346149252          0.7856123248        -85.6490026005
     983        -86.4254551328          0.7794080814        -85.6460470514
     984        -86.4547078865          0.8035712520        -85.6511366345
     985        -86.5083894114          0.8512250920        -85.6571643194
     986        -86.5642301508          0.9049644908        -85.6592656600
     987        -86.5962228555          0.9362103442        -85.6600125113
     988        -86.5845199291          0.9191535148        -85.6653664144
     989        -86.5262025907          0.8524106778        -85.6737919129
     990        -86.4378720488          0.7647676860        -85.6731043628
     991        -86.3452584966          0.6838080699        -85.6614504267
     992        -86.2750204998          0.6287588139        -85.6462616859
     993        -86.2469523286          0.6073743550        -85.6395779735
     994        -86.2694082928          0.6237272614        -85.6456810314
     995        -86.3373664267          0.6811065688        -85.6562598578
     996        -86.4303071494          0.7680215796        -85.6622855699
     997        -86.5189182269          0.8562449377        -85.6626732892
     998        -86.5745081322          0.9105460419        -85.6639620903
     999        -86.5795976312          0.9072164054        -85.6723812258
