# call_index  iSCC  SCC_error(a.u.)
       0    12  5.240781800000e-06
       1    12  7.085517100000e-06
       2    11  9.047741200000e-06
       3    11  9.027296700000e-06
       4    11  9.833313500000e-06
       5    11  9.962002300000e-06
       6    12  4.791208600000e-06
       7    12  6.116815100000e-06
       8    12  8.032318100000e-06
       9    13  2.814666400000e-06
      10    13  3.045443700000e-06
      11    13  3.010333200000e-06
      12    12  7.878526600000e-06
      13    12  5.594665600000e-06
      14    11  9.975252900000e-06
      15    11  8.655521000000e-06
      16    11  8.573749800000e-06
      17    11  9.320597400000e-06
      18    12  5.953755400000e-06
      19    12  6.242661100000e-06
      20    12  6.828628600000e-06
      21    12  7.272885900000e-06
      22    12  7.584251100000e-06
      23    12  5.147840200000e-06
      24    12  4.367625200000e-06
      25    12  4.031460300000e-06
      26    12  4.132878200000e-06
      27    12  4.770734000000e-06
      28    12  5.734579100000e-06
      29    12  7.692430600000e-06
      30    12  9.717939600000e-06
      31    13  3.273061400000e-06
      32    12  9.913600100000e-06
      33    12  7.947867900000e-06
      34    12  5.482153500000e-06
      35    12  3.604221800000e-06
      36    11  8.525551500000e-06
      37    11  6.817570200000e-06
      38    11  6.876386300000e-06
      39    11  7.616003200000e-06
      40    12  6.278377300000e-06
      41    12  7.511689800000e-06
      42    12  7.497673200000e-06
      43    12  6.314071700000e-06
      44    12  5.477433300000e-06
      45    12  4.742199200000e-06
      46    12  4.046160000000e-06
      47    12  3.708871700000e-06
      48    12  4.104901300000e-06
      49    12  4.943681700000e-06
      50    12  7.054280600000e-06
      51    12  9.096940900000e-06
      52    13  3.173644100000e-06
      53    12  9.029030900000e-06
      54    12  8.548744500000e-06
      55    12  6.884837700000e-06
      56    11  9.677340700000e-06
      57    11  8.726998400000e-06
      58    11  8.003592300000e-06
      59    11  9.411858000000e-06
      60    12  5.204048800000e-06
      61    11  9.822108600000e-06
      62    12  6.540923800000e-06
      63    12  7.899599800000e-06
      64    12  6.669274300000e-06
      65    12  5.332222500000e-06
      66    12  5.223706900000e-06
      67    12  4.752001300000e-06
      68    12  4.451100400000e-06
      69    12  5.049159000000e-06
      70    12  6.135907000000e-06
      71    12  8.023920700000e-06
      72    12  9.429309500000e-06
      73    13  3.063152600000e-06
      74    12  9.606783600000e-06
      75    12  7.916715200000e-06
      76    12  4.679076700000e-06
      77    12  3.838331100000e-06
      78    11  8.254030300000e-06
      79    11  7.925310800000e-06
      80    11  9.400234900000e-06
      81    12  4.699684700000e-06
      82    12  5.795261500000e-06
      83    12  7.438348400000e-06
      84    12  7.686150000000e-06
      85    12  6.650773400000e-06
      86    12  5.451096300000e-06
      87    12  4.630709800000e-06
      88    12  4.209635300000e-06
      89    12  4.345390400000e-06
      90    12  5.174873300000e-06
      91    12  6.558501400000e-06
      92    12  7.186165600000e-06
      93    12  7.357759300000e-06
      94    12  8.854576500000e-06
      95    13  3.580326100000e-06
      96    12  9.357237600000e-06
      97    12  7.553547300000e-06
      98    12  6.097089200000e-06
      99    12  5.131487500000e-06
     100    12  4.764543600000e-06
     101    12  5.184740500000e-06
     102    12  5.910331800000e-06
     103    12  7.035088200000e-06
     104    12  8.380827800000e-06
     105    12  7.843957100000e-06
     106    12  6.376497000000e-06
     107    12  5.651179800000e-06
     108    12  5.478643100000e-06
     109    12  4.577180700000e-06
     110    12  4.120203000000e-06
     111    12  4.579417300000e-06
     112    12  5.715397400000e-06
     113    12  6.433681900000e-06
     114    12  8.211571100000e-06
     115    12  7.559548700000e-06
     116    12  8.426729100000e-06
     117    12  7.397379800000e-06
     118    12  6.694909500000e-06
     119    12  5.886682100000e-06
     120    12  4.499795900000e-06
     121    12  4.125266100000e-06
     122    12  4.738071400000e-06
     123    12  5.534535700000e-06
     124    12  6.844455900000e-06
     125    12  7.967187300000e-06
     126    12  7.806462500000e-06
     127    12  6.853228200000e-06
     128    12  6.595850400000e-06
     129    12  5.737056900000e-06
     130    12  4.590613500000e-06
     131    12  4.333426400000e-06
     132    12  4.888205200000e-06
     133    12  5.657804800000e-06
     134    12  6.750157400000e-06
     135    12  7.515094100000e-06
     136    12  9.910143100000e-06
     137    12  8.311573700000e-06
     138    12  7.087349000000e-06
     139    12  6.018088500000e-06
     140    11  9.216938400000e-06
     141    11  9.315963100000e-06
     142    12  4.390888400000e-06
     143    12  5.790221900000e-06
     144    12  5.725430500000e-06
     145    12  6.175455200000e-06
     146    12  7.436922100000e-06
     147    12  8.226551600000e-06
     148    12  8.345632400000e-06
     149    12  7.533541600000e-06
     150    12  6.864305500000e-06
     151    12  5.692597100000e-06
     152    12  5.321483400000e-06
     153    12  6.574547300000e-06
     154    12  7.294630200000e-06
     155    12  6.240459800000e-06
     156    12  7.626796300000e-06
     157    12  7.801118900000e-06
     158    12  7.767351900000e-06
     159    12  6.908090900000e-06
     160    12  6.086552200000e-06
     161    12  5.102432100000e-06
     162    11  7.926461000000e-06
     163    12  4.588881400000e-06
     164    12  5.551258400000e-06
     165    12  5.552106700000e-06
     166    12  6.185675800000e-06
     167    12  8.559775900000e-06
     168    12  8.017612600000e-06
     169    12  7.190139900000e-06
     170    12  6.526815600000e-06
     171    12  5.738215100000e-06
     172    12  4.732940700000e-06
     173    12  4.237750900000e-06
     174    12  5.183380200000e-06
     175    12  5.808139900000e-06
     176    12  5.600392900000e-06
     177    12  7.176042200000e-06
     178    12  7.354651400000e-06
     179    12  7.159229500000e-06
     180    12  5.901112400000e-06
     181    12  5.208058000000e-06
     182    12  4.560653200000e-06
     183    12  4.270427000000e-06
     184    12  5.287287000000e-06
     185    12  7.845903600000e-06
     186    12  7.034157400000e-06
     187    12  5.952630900000e-06
     188    12  9.481694300000e-06
     189    13  3.710648600000e-06
     190    12  9.889128000000e-06
     191    12  8.163196500000e-06
     192    12  7.240582500000e-06
     193    12  7.160837300000e-06
     194    12  6.467784800000e-06
     195    12  7.086355500000e-06
     196    12  6.709446200000e-06
     197    12  6.348009900000e-06
     198    12  6.115954400000e-06
     199    12  7.065913600000e-06
     200    12  5.991317800000e-06
     201    12  3.887247800000e-06
     202    12  3.018528000000e-06
     203    12  2.932831200000e-06
     204    11  8.210558500000e-06
     205    12  3.950897500000e-06
     206    12  5.487318600000e-06
     207    12  5.298199800000e-06
     208    12  5.537984700000e-06
     209    12  8.767373700000e-06
     210    12  8.774543700000e-06
     211    12  7.694689600000e-06
     212    12  7.202880700000e-06
     213    12  6.476097900000e-06
     214    12  5.572292000000e-06
     215    12  5.416590200000e-06
     216    12  7.212597400000e-06
     217    12  7.269457300000e-06
     218    12  6.655485900000e-06
     219    12  5.959115500000e-06
     220    12  7.199129100000e-06
     221    12  5.744358900000e-06
     222    12  2.879453800000e-06
     223    12  2.773737900000e-06
     224    12  3.450718400000e-06
     225    11  9.545842900000e-06
     226    12  5.097372000000e-06
     227    12  7.005318300000e-06
     228    12  7.781431300000e-06
     229    12  6.268580100000e-06
     230    12  9.548487700000e-06
     231    12  9.657792700000e-06
     232    12  9.196209500000e-06
     233    12  7.918306900000e-06
     234    12  6.700397700000e-06
     235    12  5.558800300000e-06
     236    12  5.885540600000e-06
     237    12  7.507859800000e-06
     238    12  7.613016100000e-06
     239    12  7.653552900000e-06
     240    12  5.303559100000e-06
     241    12  6.082545400000e-06
     242    12  4.721420000000e-06
     243    12  3.553864700000e-06
     244    12  3.412798200000e-06
     245    12  3.756784800000e-06
     246    12  3.384124800000e-06
     247    11  9.699646600000e-06
     248    12  7.611498400000e-06
     249    12  7.999721900000e-06
     250    12  6.370682400000e-06
     251    12  9.246572900000e-06
     252    13  3.441917600000e-06
     253    12  8.468226600000e-06
     254    12  4.798474900000e-06
     255    12  5.847961100000e-06
     256    12  5.319721100000e-06
     257    12  5.139674500000e-06
     258    12  5.604125200000e-06
     259    12  6.368662100000e-06
     260    12  7.089184500000e-06
     261    12  4.619035400000e-06
     262    12  6.540080800000e-06
     263    12  6.057186400000e-06
     264    12  4.487339600000e-06
     265    12  4.414978100000e-06
     266    12  5.359538200000e-06
     267    12  4.855989500000e-06
     268    12  5.589091900000e-06
     269    12  7.323344000000e-06
     270    12  8.905859900000e-06
     271    12  8.068838400000e-06
     272    13  3.087704800000e-06
     273    12  9.808278600000e-06
     274    12  7.277374000000e-06
     275    12  9.802590800000e-06
     276    12  8.389526600000e-06
     277    12  7.033657800000e-06
     278    12  6.864569300000e-06
     279    12  7.881566300000e-06
     280    12  8.369297700000e-06
     281    12  7.528468000000e-06
     282    12  5.427338300000e-06
     283    12  6.838088300000e-06
     284    12  5.258774500000e-06
     285    12  3.786241900000e-06
     286    12  4.540487700000e-06
     287    12  6.319520500000e-06
     288    12  5.259590200000e-06
     289    12  4.161575200000e-06
     290    12  4.819842100000e-06
     291    12  6.062011400000e-06
     292    12  6.008559500000e-06
     293    12  6.640962300000e-06
     294    12  6.635178100000e-06
     295    12  6.189013500000e-06
     296    12  4.998343700000e-06
     297    12  6.137133200000e-06
     298    12  5.542325000000e-06
     299    12  5.694958500000e-06
     300    12  6.719422200000e-06
     301    12  8.004362800000e-06
     302    12  8.639987000000e-06
     303    12  5.608055200000e-06
     304    12  7.371702000000e-06
     305    12  7.551785900000e-06
     306    12  5.393362300000e-06
     307    12  4.670705300000e-06
     308    12  7.781625000000e-06
     309    12  7.318240200000e-06
     310    12  6.038841200000e-06
     311    12  5.683482100000e-06
     312    12  7.164647600000e-06
     313    12  7.659068100000e-06
     314    12  7.875001100000e-06
     315    12  8.274076800000e-06
     316    12  8.170820700000e-06
     317    12  7.028507300000e-06
     318    12  5.779048400000e-06
     319    12  4.551647100000e-06
     320    12  5.827717600000e-06
     321    12  7.293718400000e-06
     322    12  7.866550400000e-06
     323    12  7.923753200000e-06
     324    12  6.372574900000e-06
     325    12  8.262515800000e-06
     326    12  8.122796300000e-06
     327    12  7.348766200000e-06
     328    12  6.873317500000e-06
     329    12  5.778550700000e-06
     330    12  6.992405900000e-06
     331    12  6.593071400000e-06
     332    12  5.661795600000e-06
     333    12  8.416646600000e-06
     334    12  9.127469200000e-06
     335    12  6.862000700000e-06
     336    12  7.833932500000e-06
     337    12  6.795808300000e-06
     338    12  5.720294800000e-06
     339    12  4.975996100000e-06
     340    12  4.353698200000e-06
     341    12  5.851303900000e-06
     342    12  6.538156000000e-06
     343    12  6.788471100000e-06
     344    12  6.253995500000e-06
     345    12  5.952700900000e-06
     346    12  6.832772300000e-06
     347    12  7.648520600000e-06
     348    12  6.522531900000e-06
     349    12  5.276141700000e-06
     350    12  5.998349200000e-06
     351    12  6.583301500000e-06
     352    12  7.926729600000e-06
     353    13  2.235563500000e-06
     354    13  2.689515100000e-06
     355    13  2.568548700000e-06
     356    12  9.331591200000e-06
     357    13  3.648962200000e-06
     358    12  8.943533100000e-06
     359    12  6.570179400000e-06
     360    12  4.914826300000e-06
     361    12  4.992727100000e-06
     362    12  6.029646800000e-06
     363    12  6.141374900000e-06
     364    12  6.932859400000e-06
     365    12  7.121614200000e-06
     366    12  6.902876200000e-06
     367    12  7.901542500000e-06
     368    12  9.168554600000e-06
     369    12  7.342449200000e-06
     370    12  7.261732700000e-06
     371    12  6.293270500000e-06
     372    12  4.284734300000e-06
     373    12  8.056971100000e-06
     374    12  7.402976000000e-06
     375    12  8.267542000000e-06
     376    12  9.047435700000e-06
     377    12  8.600922800000e-06
     378    12  8.792783500000e-06
     379    12  9.051720900000e-06
     380    12  7.113190900000e-06
     381    12  5.369327300000e-06
     382    12  5.119110400000e-06
     383    12  5.087868500000e-06
     384    12  5.279489700000e-06
     385    12  8.125644700000e-06
     386    12  6.333458000000e-06
     387    12  5.893897500000e-06
     388    12  6.411032700000e-06
     389    12  9.203191700000e-06
     390    12  8.427074300000e-06
     391    12  7.812807200000e-06
     392    12  6.822314300000e-06
     393    12  6.406659400000e-06
     394    13  2.190611800000e-06
     395    13  2.625543400000e-06
     396    13  2.885059000000e-06
     397    13  3.256037400000e-06
     398    12  9.856790700000e-06
     399    12  8.844017400000e-06
     400    12  9.076052400000e-06
     401    12  6.391169100000e-06
     402    12  4.108056300000e-06
     403    12  3.838351200000e-06
     404    12  4.170565700000e-06
     405    12  3.766889200000e-06
     406    12  5.417593300000e-06
     407    12  5.013794900000e-06
     408    12  5.507698800000e-06
     409    12  6.442960400000e-06
     410    12  9.632174900000e-06
     411    12  8.757459500000e-06
     412    12  8.018123000000e-06
     413    12  8.375878800000e-06
     414    12  9.950822900000e-06
     415    12  5.976178500000e-06
     416    12  8.166099500000e-06
     417    13  2.524346600000e-06
     418    13  2.971662200000e-06
     419    12  8.729923200000e-06
     420    12  8.542566000000e-06
     421    12  9.860525500000e-06
     422    12  7.848643900000e-06
     423    12  4.787383800000e-06
     424    12  3.881868700000e-06
     425    12  3.814317600000e-06
     426    12  4.677522900000e-06
     427    12  6.125305600000e-06
     428    12  6.113126600000e-06
     429    12  5.188288600000e-06
     430    12  5.868739800000e-06
     431    12  6.463103400000e-06
     432    12  8.044538900000e-06
     433    12  7.852594000000e-06
     434    12  8.279805700000e-06
     435    12  6.980569600000e-06
     436    13  2.992785100000e-06
     437    12  8.106765500000e-06
     438    13  3.216133500000e-06
     439    13  3.329095200000e-06
     440    13  2.691345700000e-06
     441    13  3.311980000000e-06
     442    12  9.620309400000e-06
     443    12  8.690708500000e-06
     444    12  6.611691300000e-06
     445    12  5.180130500000e-06
     446    12  4.649330500000e-06
     447    12  4.514456400000e-06
     448    12  5.806245400000e-06
     449    12  7.930233300000e-06
     450    12  5.348357700000e-06
     451    12  5.767010400000e-06
     452    12  7.345612900000e-06
     453    12  7.919404900000e-06
     454    12  7.295950100000e-06
     455    12  6.221724000000e-06
     456    12  6.176410400000e-06
     457    12  7.570737500000e-06
     458    12  9.000135400000e-06
     459    12  7.925865800000e-06
     460    12  8.085307400000e-06
     461    12  7.961633900000e-06
     462    12  8.411159600000e-06
     463    12  8.928269400000e-06
     464    12  7.860965200000e-06
     465    12  5.566886300000e-06
     466    12  5.550002000000e-06
     467    12  4.935340100000e-06
     468    12  5.515696000000e-06
     469    12  8.118290600000e-06
     470    12  7.582013000000e-06
     471    12  7.685623200000e-06
     472    12  6.960198100000e-06
     473    12  7.057772800000e-06
     474    12  6.683953200000e-06
     475    12  7.231371600000e-06
     476    12  6.478442400000e-06
     477    12  7.862810100000e-06
     478    12  6.975025000000e-06
     479    12  8.920885500000e-06
     480    12  9.987408400000e-06
     481    12  8.132685300000e-06
     482    12  9.565498300000e-06
     483    12  9.942307800000e-06
     484    12  5.556779200000e-06
     485    12  8.011670900000e-06
     486    12  6.191883400000e-06
     487    12  5.730073300000e-06
     488    12  5.551332700000e-06
     489    12  5.131664200000e-06
     490    12  8.658803300000e-06
     491    12  8.786669500000e-06
     492    12  7.638891800000e-06
     493    12  6.466800400000e-06
     494    12  7.214992600000e-06
     495    12  7.733708400000e-06
     496    12  6.355536300000e-06
     497    12  6.327544300000e-06
     498    12  8.258136600000e-06
     499    12  6.163097900000e-06
     500    12  9.290664600000e-06
     501    12  9.460843500000e-06
     502    12  8.237590400000e-06
     503    12  7.082311600000e-06
     504    12  7.615926500000e-06
     505    13  2.210636900000e-06
     506    13  1.894919300000e-06
     507    12  8.074273500000e-06
     508    12  7.957641400000e-06
     509    12  6.386909600000e-06
     510    12  6.396667200000e-06
     511    12  8.086884500000e-06
     512    12  7.502397000000e-06
     513    12  6.371069100000e-06
     514    12  4.743635400000e-06
     515    12  5.763413200000e-06
     516    12  6.560437800000e-06
     517    12  6.542431100000e-06
     518    12  7.719504200000e-06
     519    12  8.600855100000e-06
     520    12  6.103092300000e-06
     521    12  7.324827400000e-06
     522    12  7.705549100000e-06
     523    12  8.634472100000e-06
     524    12  8.669783200000e-06
     525    12  9.536555000000e-06
     526    13  3.176448500000e-06
     527    13  3.424672900000e-06
     528    12  8.868400700000e-06
     529    12  7.813602300000e-06
     530    12  6.885879000000e-06
     531    12  8.016419300000e-06
     532    12  9.709555500000e-06
     533    13  3.322437700000e-06
     534    12  8.133748300000e-06
     535    12  6.540513800000e-06
     536    12  7.202947100000e-06
     537    12  7.124873300000e-06
     538    12  6.918788300000e-06
     539    12  6.711975200000e-06
     540    12  7.321594200000e-06
     541    12  6.258178500000e-06
     542    12  6.758453300000e-06
     543    12  7.207439000000e-06
     544    12  6.534851600000e-06
     545    12  8.084187600000e-06
     546    12  9.075373900000e-06
     547    13  4.315353100000e-06
     548    13  4.079908100000e-06
     549    13  3.548153500000e-06
     550    12  9.927217000000e-06
     551    12  9.979103600000e-06
     552    12  9.704316700000e-06
     553    12  8.227916600000e-06
     554    12  7.654980800000e-06
     555    12  7.459874500000e-06
     556    12  5.723807300000e-06
     557    12  7.529934300000e-06
     558    12  8.204998800000e-06
     559    12  7.529986000000e-06
     560    12  7.102896900000e-06
     561    12  7.010421500000e-06
     562    12  5.863687200000e-06
     563    12  5.659446200000e-06
     564    12  6.297328000000e-06
     565    12  5.993609600000e-06
     566    12  6.611627400000e-06
     567    12  8.506730800000e-06
     568    12  9.957603000000e-06
     569    13  3.403757000000e-06
     570    12  9.539294500000e-06
     571    12  9.220407600000e-06
     572    12  9.280796000000e-06
     573    12  9.056913200000e-06
     574    12  7.381601100000e-06
     575    12  6.589037000000e-06
     576    12  6.608069000000e-06
     577    12  7.455636400000e-06
     578    12  9.083170000000e-06
     579    12  8.513134700000e-06
     580    12  7.968763500000e-06
     581    12  7.676915800000e-06
     582    12  8.771439900000e-06
     583    12  6.596205000000e-06
     584    12  6.726906100000e-06
     585    12  5.520089200000e-06
     586    12  6.139018100000e-06
     587    12  6.670143200000e-06
     588    12  8.575175200000e-06
     589    12  9.224469000000e-06
     590    13  3.165529400000e-06
     591    12  9.628946400000e-06
     592    12  9.291302100000e-06
     593    12  9.555380700000e-06
     594    12  9.108442300000e-06
     595    12  7.395140400000e-06
     596    12  6.008599500000e-06
     597    12  6.782360800000e-06
     598    12  8.171857900000e-06
     599    12  8.612356800000e-06
     600    12  7.829670500000e-06
     601    12  9.142916200000e-06
     602    12  8.356502600000e-06
     603    12  9.814911300000e-06
     604    12  7.205933400000e-06
     605    12  5.718409000000e-06
     606    12  5.725768100000e-06
     607    12  6.282862900000e-06
     608    12  6.214792900000e-06
     609    12  8.275787200000e-06
     610    12  8.236059500000e-06
     611    12  5.898186300000e-06
     612    12  5.712269700000e-06
     613    12  5.984136400000e-06
     614    12  6.928457700000e-06
     615    12  7.305052900000e-06
     616    12  6.863051100000e-06
     617    12  8.467513300000e-06
     618    12  8.556186200000e-06
     619    12  5.933406900000e-06
     620    12  8.691312600000e-06
     621    12  6.666263300000e-06
     622    12  6.887872800000e-06
     623    12  8.214216000000e-06
     624    13  3.853813500000e-06
     625    13  3.341063700000e-06
     626    12  9.094913100000e-06
     627    12  5.797169400000e-06
     628    12  5.511502400000e-06
     629    12  5.461304500000e-06
     630    12  5.041999600000e-06
     631    12  5.646852800000e-06
     632    12  4.506183900000e-06
     633    12  4.006978000000e-06
     634    12  4.081381400000e-06
     635    12  5.144846800000e-06
     636    12  6.577539000000e-06
     637    12  6.744543800000e-06
     638    12  6.549443100000e-06
     639    12  6.962755400000e-06
     640    12  6.226518000000e-06
     641    12  9.127699700000e-06
     642    12  9.533247500000e-06
     643    12  7.300941400000e-06
     644    12  8.943028100000e-06
     645    12  7.806223100000e-06
     646    12  5.855226200000e-06
     647    12  9.142382100000e-06
     648    12  6.281960700000e-06
     649    12  5.959969300000e-06
     650    12  5.862504800000e-06
     651    12  6.342895100000e-06
     652    12  7.634951800000e-06
     653    12  5.851407000000e-06
     654    12  4.513262600000e-06
     655    12  4.276009400000e-06
     656    12  4.675917100000e-06
     657    12  6.498045600000e-06
     658    12  7.888180700000e-06
     659    12  6.155264500000e-06
     660    12  7.440542400000e-06
     661    12  5.830240300000e-06
     662    12  7.235615300000e-06
     663    13  3.551835000000e-06
     664    12  6.478261300000e-06
     665    12  8.103288000000e-06
     666    12  7.262750800000e-06
     667    12  6.726176000000e-06
     668    13  3.494432100000e-06
     669    13  2.876745000000e-06
     670    12  8.816196700000e-06
     671    12  6.249860900000e-06
     672    12  6.412547900000e-06
     673    12  7.681273500000e-06
     674    12  5.606537000000e-06
     675    12  6.799263700000e-06
     676    12  5.485917400000e-06
     677    12  5.373426400000e-06
     678    12  4.818648700000e-06
     679    12  5.898547000000e-06
     680    12  5.275839500000e-06
     681    12  6.428541200000e-06
     682    12  4.950133300000e-06
     683    12  7.623321800000e-06
     684    12  8.719820500000e-06
     685    12  8.645986300000e-06
     686    12  9.222610000000e-06
     687    12  9.984193700000e-06
     688    12  8.585460500000e-06
     689    13  4.321226100000e-06
     690    13  2.936786900000e-06
     691    12  6.522445500000e-06
     692    12  5.537321700000e-06
     693    12  6.135709400000e-06
     694    12  9.559973900000e-06
     695    12  9.695904000000e-06
     696    12  6.802434100000e-06
     697    12  5.381342400000e-06
     698    12  5.410778300000e-06
     699    12  5.240030800000e-06
     700    12  6.732343600000e-06
     701    12  6.405347000000e-06
     702    12  5.924103900000e-06
     703    12  6.292394300000e-06
     704    12  6.334033100000e-06
     705    12  8.359192600000e-06
     706    12  8.877231700000e-06
     707    12  9.779608700000e-06
     708    13  3.442006700000e-06
     709    13  3.684005800000e-06
     710    13  3.978590400000e-06
     711    13  2.957239100000e-06
     712    12  4.503880300000e-06
     713    12  4.551009900000e-06
     714    12  3.844131000000e-06
     715    12  7.668093500000e-06
     716    12  8.330911600000e-06
     717    12  6.401866800000e-06
     718    12  4.989297300000e-06
     719    12  5.304085600000e-06
     720    12  5.765223500000e-06
     721    12  5.829914800000e-06
     722    12  5.469925000000e-06
     723    12  7.058680100000e-06
     724    12  6.508790500000e-06
     725    12  6.769873700000e-06
     726    12  6.684405000000e-06
     727    12  8.107084200000e-06
     728    12  9.787804000000e-06
     729    12  9.797560500000e-06
     730    13  3.936316500000e-06
     731    13  4.223221300000e-06
     732    13  3.966338300000e-06
     733    12  6.069400100000e-06
     734    12  6.785343100000e-06
     735    12  4.557982700000e-06
     736    12  8.095772900000e-06
     737    13  3.747038500000e-06
     738    12  9.589549800000e-06
     739    12  4.801730500000e-06
     740    12  7.897668900000e-06
     741    12  9.136481500000e-06
     742    12  9.023243300000e-06
     743    12  7.997245100000e-06
     744    12  6.226483000000e-06
     745    12  5.900679800000e-06
     746    12  6.091557000000e-06
     747    12  6.269017300000e-06
     748    12  7.437796300000e-06
     749    12  7.618686500000e-06
     750    12  7.273855600000e-06
     751    12  9.946243600000e-06
     752    12  8.762398600000e-06
     753    12  9.183713000000e-06
     754    12  9.350363000000e-06
     755    12  8.280323900000e-06
     756    12  6.960263600000e-06
     757    12  8.830662800000e-06
     758    12  9.873081100000e-06
     759    12  9.441662100000e-06
     760    12  7.070281000000e-06
     761    12  6.653915400000e-06
     762    12  7.059025100000e-06
     763    12  8.671434400000e-06
     764    12  7.911448400000e-06
     765    12  6.090504900000e-06
     766    12  6.078393800000e-06
     767    12  6.048787400000e-06
     768    12  5.996722000000e-06
     769    12  7.962158700000e-06
     770    12  9.128179300000e-06
     771    13  2.446865700000e-06
     772    12  9.453037600000e-06
     773    12  8.354711800000e-06
     774    12  7.850885500000e-06
     775    12  6.566328400000e-06
     776    12  4.673462500000e-06
     777    12  4.124255000000e-06
     778    12  6.057855800000e-06
     779    12  6.829401700000e-06
     780    12  6.560084400000e-06
     781    12  6.582108900000e-06
     782    12  7.879105600000e-06
     783    13  3.880793900000e-06
     784    13  4.296662900000e-06
     785    13  4.069450900000e-06
     786    13  2.351114700000e-06
     787    12  9.817835500000e-06
     788    13  2.479364000000e-06
     789    13  3.138368000000e-06
     790    12  8.683524000000e-06
     791    12  8.892165400000e-06
     792    13  2.549755200000e-06
     793    13  2.670428100000e-06
     794    13  3.166141300000e-06
     795    13  3.762215500000e-06
     796    12  7.853431500000e-06
     797    12  5.467956500000e-06
     798    12  4.375479600000e-06
     799    12  5.633845200000e-06
     800    12  6.117361600000e-06
     801    12  5.697870400000e-06
     802    12  4.902900100000e-06
     803    12  6.861444800000e-06
     804    12  9.637037800000e-06
     805    13  4.252107800000e-06
     806    13  4.468600900000e-06
     807    12  9.531128700000e-06
     808    12  7.046205000000e-06
     809    12  7.286583600000e-06
     810    12  7.819218400000e-06
     811    12  8.416005500000e-06
     812    12  7.262100600000e-06
     813    12  9.374416900000e-06
     814    13  2.447393700000e-06
     815    13  2.851738200000e-06
     816    12  9.838846700000e-06
     817    12  7.847216500000e-06
     818    12  5.176987000000e-06
     819    12  5.404775600000e-06
     820    12  6.875363400000e-06
     821    12  6.091400000000e-06
     822    12  5.873800300000e-06
     823    12  5.382735900000e-06
     824    12  6.727274100000e-06
     825    12  8.595555000000e-06
     826    13  4.581367900000e-06
     827    13  4.604819500000e-06
     828    13  2.825324100000e-06
     829    12  9.614353100000e-06
     830    13  3.022379200000e-06
     831    12  8.767960400000e-06
     832    12  7.258432300000e-06
     833    12  6.169974400000e-06
     834    12  8.477159900000e-06
     835    12  9.252625900000e-06
     836    12  8.600989600000e-06
     837    12  7.823921100000e-06
     838    12  6.691637200000e-06
     839    12  5.189822800000e-06
     840    12  5.595117800000e-06
     841    12  5.095099900000e-06
     842    12  5.717584900000e-06
     843    12  4.658471500000e-06
     844    12  5.128970900000e-06
     845    12  7.171529000000e-06
     846    12  8.962470900000e-06
     847    13  5.274747800000e-06
     848    13  5.031483300000e-06
     849    13  4.256832200000e-06
     850    13  3.185083900000e-06
     851    13  3.125194200000e-06
     852    12  8.407402400000e-06
     853    12  6.229482100000e-06
     854    12  5.022554200000e-06
     855    12  6.481430900000e-06
     856    12  7.388901000000e-06
     857    12  6.767205400000e-06
     858    12  6.418875700000e-06
     859    12  5.760767000000e-06
     860    11  9.252682700000e-06
     861    12  6.112109200000e-06
     862    12  5.754486300000e-06
     863    12  6.375124400000e-06
     864    12  4.729439300000e-06
     865    12  4.413089100000e-06
     866    12  5.583577900000e-06
     867    12  7.328777400000e-06
     868    13  3.390222200000e-06
     869    13  3.702399100000e-06
     870    12  5.454801000000e-06
     871    12  5.658540500000e-06
     872    12  6.975302200000e-06
     873    13  3.906531300000e-06
     874    13  3.628074800000e-06
     875    12  8.948790900000e-06
     876    12  7.725953500000e-06
     877    12  6.902824100000e-06
     878    12  5.815824300000e-06
     879    12  5.708923000000e-06
     880    12  5.569131800000e-06
     881    12  4.805801700000e-06
     882    12  4.498416000000e-06
     883    12  6.445977400000e-06
     884    12  5.024499300000e-06
     885    12  4.553259100000e-06
     886    12  3.757682300000e-06
     887    12  4.927411300000e-06
     888    12  7.154499300000e-06
     889    12  9.693155600000e-06
     890    13  3.935397400000e-06
     891    13  3.747757800000e-06
     892    13  2.629553800000e-06
     893    13  2.827808100000e-06
     894    12  9.872238700000e-06
     895    13  3.607518800000e-06
     896    13  2.248214900000e-06
     897    12  7.415110400000e-06
     898    12  6.495013500000e-06
     899    12  6.486054300000e-06
     900    12  8.134916900000e-06
     901    12  7.861026000000e-06
     902    12  6.358088300000e-06
     903    12  5.415407300000e-06
     904    12  6.862616200000e-06
     905    12  8.337481400000e-06
     906    12  7.420595000000e-06
     907    12  5.702614100000e-06
     908    12  7.860282100000e-06
     909    12  9.793250200000e-06
     910    13  3.182125700000e-06
     911    13  3.285352300000e-06
     912    12  7.479403100000e-06
     913    12  7.489526500000e-06
     914    12  7.682970400000e-06
     915    12  8.445750100000e-06
     916    12  9.050388500000e-06
     917    12  7.553723900000e-06
     918    12  7.299151500000e-06
     919    12  6.295831500000e-06
     920    12  5.110147200000e-06
     921    12  5.221114500000e-06
     922    12  6.053257000000e-06
     923    12  5.554706300000e-06
     924    12  5.584042800000e-06
     925    12  5.726798900000e-06
     926    12  7.966590100000e-06
     927    12  7.949290800000e-06
     928    12  5.843289900000e-06
     929    12  6.893066600000e-06
     930    12  9.408344300000e-06
     931    13  3.168517300000e-06
     932    13  2.483832600000e-06
     933    13  2.970324300000e-06
     934    13  3.171388700000e-06
     935    12  9.747126900000e-06
     936    13  3.217732700000e-06
     937    12  7.913248000000e-06
     938    12  6.772270500000e-06
     939    12  8.834476800000e-06
     940    12  6.690168200000e-06
     941    12  6.272459800000e-06
     942    12  7.292525400000e-06
     943    12  6.897153800000e-06
     944    12  5.229778100000e-06
     945    12  5.332629100000e-06
     946    12  4.919333500000e-06
     947    12  4.935579600000e-06
     948    12  5.132938100000e-06
     949    12  5.874591200000e-06
     950    12  6.966495400000e-06
     951    12  8.056100500000e-06
     952    12  7.545423500000e-06
     953    13  3.258049700000e-06
     954    13  3.019285900000e-06
     955    13  3.023819500000e-06
     956    12  9.755543000000e-06
     957    13  2.604132900000e-06
     958    13  3.033701900000e-06
     959    12  7.925208800000e-06
     960    12  5.882181400000e-06
     961    12  5.581535600000e-06
     962    12  7.073132500000e-06
     963    12  8.414883600000e-06
     964    12  7.985990500000e-06
     965    12  6.521084800000e-06
     966    12  6.371677400000e-06
     967    12  5.248566600000e-06
     968    12  7.762810800000e-06
     969    12  8.564710300000e-06
     970    12  7.132517300000e-06
     971    12  5.522731700000e-06
     972    12  6.142909500000e-06
     973    12  5.885546400000e-06
     974    12  6.738314600000e-06
     975    12  7.625072700000e-06
     976    12  8.154399800000e-06
     977    12  7.262626600000e-06
     978    12  8.145508300000e-06
     979    12  9.379524000000e-06
     980    12  9.534166700000e-06
     981    12  7.762827600000e-06
     982    12  5.719187300000e-06
     983    12  5.245124000000e-06
     984    12  6.390848000000e-06
     985    12  7.553330000000e-06
     986    12  8.058542100000e-06
     987    12  7.820642400000e-06
     988    12  6.847349800000e-06
     989    12  9.244849200000e-06
     990    12  9.153639800000e-06
     991    12  7.739261300000e-06
     992    12  8.009045500000e-06
     993    12  8.664967800000e-06
     994    12  7.863120900000e-06
     995    12  8.409302800000e-06
     996    12  9.578287100000e-06
     997    12  9.779777000000e-06
     998    12  8.563485300000e-06
     999    12  6.299186200000e-06
