Run semi-empirical minimization
 &qmmm
    qm_theory='AM1', grms_tol=0.0005,
 scfconv=1.d-10, ndiis_attempts=700,   qmcharge=0,
 /
   8    O1        0.1800       -1.4600        0.1530 
   8    O2       -4.3480       -2.7170        0.3020 
   7    N1        4.7710       -0.0950       -0.0100 
   7    N2       -0.6810        1.2560       -0.1320 
   6    C1        3.4000        0.2350       -0.0390 
   6    C2        1.0840       -0.4330        0.0400 
   6    C3       -1.5550        0.3030       -0.0270 
   6    C4        0.6750        0.8970       -0.0990 
   6    C5        5.7780        0.9420       -0.1240 
   6    C6        5.1910       -1.4730        0.1480 
   6    C7        2.4380       -0.7670        0.0710 
   6    C8       -3.0040        0.6170       -0.0550 
   6    C9       -1.1660       -1.1280        0.1230 
   6   C10        3.0060        1.5650       -0.1780 
   6   C11       -3.9540       -0.4020        0.0560 
   6   C12        1.6490        1.8950       -0.2080 
   6   C13       -2.0870       -2.0900        0.2280 
   6   C14       -3.5340       -1.8070        0.2030 
   6   C15        6.1300        1.4800        1.2480 
   6   C16        5.3110       -2.1410       -1.2080 
   6   C17       -3.4300        1.9450       -0.1930 
   6   C18       -5.3210       -0.0970        0.0290 
   6   C19       -4.7930        2.2460       -0.2190 
   6   C20       -5.7370        1.2270       -0.1080 
   1    H1        6.6910        0.5060       -0.5510 
   1    H2        5.5190        1.7390       -0.8280 
   1    H3        6.1860       -1.4930        0.6130 
   1    H4        4.5700       -2.0500        0.8410 
   1    H5        2.6810       -1.8200        0.1630 
   1    H6        3.7000        2.3950       -0.2510 
   1    H7        1.3560        2.9370       -0.3130 
   1    H8       -1.7930       -3.1290        0.3360 
   1    H9        6.4840        0.6830        1.9110 
   1   H10        5.2710        1.9560        1.7310 
   1   H11        6.9270        2.2270        1.1680 
   1   H12        4.3480       -2.1840       -1.7270 
   1   H13        6.0130       -1.6050       -1.8550 
   1   H14        5.6760       -3.1670       -1.0930 
   1   H15       -2.7210        2.7630       -0.2810 
   1   H16       -6.0750       -0.8740        0.1140 
   1   H17       -5.1180        3.2770       -0.3260 
   1   H18       -6.7960        1.4640       -0.1290 

