# DFTB+ Mass-weighted Hessian eigenvalues and frequencies
# Matrix size: 108 x 108, Number of atoms: 36
# Atom types: C C C C C H C C C H C C H H C C C H C C C H C H H H C C H C C H C H H H
# Index    Eigenvalue           Freq(Hartree)      Freq(cm^-1)    Type
#--------------------------------------------------------------------------------
     1   -2.473759959238e-08  -3.6838227611e-06       -0.8085     rot/trans
     2   -1.830461376392e-08  -3.1688394333e-06       -0.6955     rot/trans
     3   -7.508180226738e-12  -6.4178164714e-08       -0.0141     rot/trans
     4   -1.421396290772e-12  -2.7923994126e-08       -0.0061     rot/trans
     5   +6.771110358904e-12  +6.0946657865e-08       +0.0134     rot/trans
     6   +1.055510794183e-08  +2.4063084081e-06       +0.5281     rot/trans
     7   +4.342556429105e-05  +1.5434504239e-04      +33.8748     vibration
     8   +1.661934704860e-04  +3.0194436396e-04      +66.2691     vibration
     9   +3.213646267557e-04  +4.1987400220e-04      +92.1517     vibration
    10   +5.674621535442e-04  +5.5794115872e-04     +122.4539     vibration
    11   +7.489210626864e-04  +6.4097039594e-04     +140.6767     vibration
    12   +1.154623921227e-03  +7.9586649993e-04     +174.6725     vibration
    13   +1.985675943080e-03  +1.0436962816e-03     +229.0649     vibration
    14   +2.226387580756e-03  +1.1051477261e-03     +242.5519     vibration
    15   +2.701620531613e-03  +1.2173967084e-03     +267.1877     vibration
    16   +2.718890119451e-03  +1.2212814968e-03     +268.0403     vibration
    17   +4.268966024971e-03  +1.5303166319e-03     +335.8657     vibration
    18   +4.763740570559e-03  +1.6165680836e-03     +354.7957     vibration
    19   +5.078496467854e-03  +1.6691198670e-03     +366.3295     vibration
    20   +6.627745178970e-03  +1.9067899327e-03     +418.4920     vibration
    21   +7.204927029637e-03  +1.9880840563e-03     +436.3340     vibration
    22   +7.308029417896e-03  +2.0022582535e-03     +439.4449     vibration
    23   +7.735918314905e-03  +2.0600411078e-03     +452.1268     vibration
    24   +7.753013381791e-03  +2.0623160223e-03     +452.6260     vibration
    25   +8.961889719520e-03  +2.2172759520e-03     +486.6358     vibration
    26   +9.252045883866e-03  +2.2528840382e-03     +494.4509     vibration
    27   +9.839696721970e-03  +2.3233294930e-03     +509.9119     vibration
    28   +1.022433207065e-02  +2.3683038567e-03     +519.7826     vibration
    29   +1.317716820018e-02  +2.6886297129e-03     +590.0860     vibration
    30   +1.425066318983e-02  +2.7960020595e-03     +613.6515     vibration
    31   +1.528585282011e-02  +2.8957748100e-03     +635.5491     vibration
    32   +1.534614807771e-02  +2.9014804009e-03     +636.8013     vibration
    33   +1.708274404548e-02  +3.0612497734e-03     +671.8667     vibration
    34   +1.961685011192e-02  +3.2804587866e-03     +719.9775     vibration
    35   +1.963967106754e-02  +3.2823663672e-03     +720.3961     vibration
    36   +1.986741993976e-02  +3.3013432757e-03     +724.5611     vibration
    37   +2.077990989809e-02  +3.3763058336e-03     +741.0135     vibration
    38   +2.104948311974e-02  +3.3981353027e-03     +745.8045     vibration
    39   +2.139549998750e-02  +3.4259511727e-03     +751.9094     vibration
    40   +2.355934760705e-02  +3.5950222208e-03     +789.0162     vibration
    41   +2.361077413963e-02  +3.5989437798e-03     +789.8769     vibration
    42   +2.473041022844e-02  +3.6832874167e-03     +808.3881     vibration
    43   +2.478336359460e-02  +3.6872286811e-03     +809.2532     vibration
    44   +2.583398872364e-02  +3.7645726430e-03     +826.2282     vibration
    45   +2.685317883363e-02  +3.8381133911e-03     +842.3685     vibration
    46   +2.687616543795e-02  +3.8397557724e-03     +842.7290     vibration
    47   +2.731432871838e-02  +3.8709290829e-03     +849.5707     vibration
    48   +2.740108119388e-02  +3.8770713986e-03     +850.9188     vibration
    49   +2.756266191206e-02  +3.8884858962e-03     +853.4240     vibration
    50   +2.812728662930e-02  +3.9281120581e-03     +862.1209     vibration
    51   +2.908824457234e-02  +3.9946497421e-03     +876.7243     vibration
    52   +3.152559332674e-02  +4.1586424612e-03     +912.7165     vibration
    53   +3.153540621378e-02  +4.1592896356e-03     +912.8586     vibration
    54   +3.176362302752e-02  +4.1743125700e-03     +916.1557     vibration
    55   +3.176754412637e-02  +4.1745702136e-03     +916.2123     vibration
    56   +3.187431655955e-02  +4.1815798067e-03     +917.7507     vibration
    57   +3.248481325079e-02  +4.2214352890e-03     +926.4980     vibration
    58   +3.330713673574e-02  +4.2745322600e-03     +938.1514     vibration
    59   +4.331442514265e-02  +4.8745690482e-03    +1069.8442     vibration
    60   +4.333337884856e-02  +4.8756354487e-03    +1070.0783     vibration
    61   +4.880702215788e-02  +5.1744131819e-03    +1135.6524     vibration
    62   +4.890730446063e-02  +5.1797263088e-03    +1136.8185     vibration
    63   +4.947613285255e-02  +5.2097612672e-03    +1143.4104     vibration
    64   +4.982943581393e-02  +5.2283293094e-03    +1147.4856     vibration
    65   +5.107730781679e-02  +5.2933906787e-03    +1161.7650     vibration
    66   +5.129405516395e-02  +5.3046100816e-03    +1164.2273     vibration
    67   +5.400501155088e-02  +5.4429830356e-03    +1194.5967     vibration
    68   +5.411052624665e-02  +5.4482976761e-03    +1195.7631     vibration
    69   +5.961359056280e-02  +5.7186377827e-03    +1255.0959     vibration
    70   +5.977208422736e-02  +5.7262347603e-03    +1256.7633     vibration
    71   +6.044821554163e-02  +5.7585307662e-03    +1263.8514     vibration
    72   +6.067289031813e-02  +5.7692225346e-03    +1266.1980     vibration
    73   +6.901431025927e-02  +6.1530369775e-03    +1350.4355     vibration
    74   +7.050907813678e-02  +6.2193137622e-03    +1364.9816     vibration
    75   +7.151442797928e-02  +6.2634957011e-03    +1374.6784     vibration
    76   +7.391945369593e-02  +6.3679452877e-03    +1397.6024     vibration
    77   +7.914651242452e-02  +6.5892478014e-03    +1446.1727     vibration
    78   +7.962035084938e-02  +6.6089427921e-03    +1450.4953     vibration
    79   +8.316870219494e-02  +6.7546042880e-03    +1482.4643     vibration
    80   +8.546990766467e-02  +6.8474136851e-03    +1502.8336     vibration
    81   +8.630639427434e-02  +6.8808396234e-03    +1510.1697     vibration
    82   +8.655207358425e-02  +6.8906261440e-03    +1512.3176     vibration
    83   +8.860398118552e-02  +6.9718264423e-03    +1530.1390     vibration
    84   +9.030088844176e-02  +7.0382706093e-03    +1544.7218     vibration
    85   +9.079299236737e-02  +7.0574224400e-03    +1548.9252     vibration
    86   +9.695832275719e-02  +7.2931055032e-03    +1600.6516     vibration
    87   +1.000963602023e-01  +7.4101857047e-03    +1626.3478     vibration
    88   +1.001269840993e-01  +7.4113191695e-03    +1626.5965     vibration
    89   +1.039578194021e-01  +7.5517660924e-03    +1657.4211     vibration
    90   +1.041293739665e-01  +7.5579946085e-03    +1658.7881     vibration
    91   +1.045147885556e-01  +7.5719689118e-03    +1661.8551     vibration
    92   +1.107652137503e-01  +7.7950991582e-03    +1710.8265     vibration
    93   +1.128729517322e-01  +7.8689156557e-03    +1727.0274     vibration
    94   +1.145939379540e-01  +7.9286778256e-03    +1740.1436     vibration
    95   +3.427927114021e-01  +1.3713103020e-02    +3009.6782     vibration
    96   +3.431969367188e-01  +1.3721185967e-02    +3011.4522     vibration
    97   +3.432421192477e-01  +1.3722089147e-02    +3011.6505     vibration
    98   +3.435341630515e-01  +1.3727925551e-02    +3012.9314     vibration
    99   +3.435877178382e-01  +1.3728995557e-02    +3013.1662     vibration
   100   +3.438614115748e-01  +1.3734462563e-02    +3014.3661     vibration
   101   +3.443878280897e-01  +1.3744971568e-02    +3016.6726     vibration
   102   +3.443928738198e-01  +1.3745072259e-02    +3016.6947     vibration
   103   +3.448039592094e-01  +1.3753273232e-02    +3018.4946     vibration
   104   +3.448126654406e-01  +1.3753446864e-02    +3018.5327     vibration
   105   +3.469633335912e-01  +1.3796271742e-02    +3027.9317     vibration
   106   +3.469646225959e-01  +1.3796297370e-02    +3027.9373     vibration
   107   +3.484097280460e-01  +1.3824998261e-02    +3034.2364     vibration
   108   +3.484175438259e-01  +1.3825153327e-02    +3034.2704     vibration
