Run semi-empirical minimization
 &qmmm
    qm_theory='AM1', grms_tol=0.0005,
 scfconv=1.d-10, ndiis_attempts=700,   qmcharge=0,
 /
   8    O1        5.6590        2.3000        0.0040 
   8    O2       -5.6590        2.3000       -0.0010 
   8    O3        5.6590       -2.3000       -0.0030 
   8    O4       -5.6590       -2.3000        0.0040 
   7    N1        5.6600        0.0000        0.0010 
   7    N2       -5.6600        0.0000        0.0020 
   6    C1        1.4280        0.0000       -0.0010 
   6    C2       -1.4280        0.0000       -0.0010 
   6    C3        0.7170        1.2300       -0.0010 
   6    C4       -0.7170        1.2300       -0.0010 
   6    C5        0.7170       -1.2300       -0.0010 
   6    C6       -0.7170       -1.2300       -0.0000 
   6    C7        2.8630        0.0000       -0.0000 
   6    C8       -2.8630        0.0000       -0.0010 
   6    C9        3.5600        1.2150        0.0010 
   6   C10       -3.5600        1.2150       -0.0010 
   6   C11        3.5600       -1.2150       -0.0010 
   6   C12       -3.5600       -1.2150        0.0000 
   6   C13        1.4830        2.4200        0.0000 
   6   C14       -1.4830        2.4200       -0.0020 
   6   C15        1.4840       -2.4200       -0.0010 
   6   C16       -1.4830       -2.4200        0.0010 
   6   C17        2.8750        2.4210        0.0010 
   6   C18       -2.8750        2.4210       -0.0020 
   6   C19        2.8750       -2.4210       -0.0010 
   6   C20       -2.8750       -2.4210        0.0010 
   6   C21        5.0400        1.2400        0.0020 
   6   C22       -5.0400        1.2400       -0.0010 
   6   C23        5.0400       -1.2400       -0.0010 
   6   C24       -5.0400       -1.2400        0.0020 
   1    H1        1.0130        3.4000        0.0010 
   1    H2       -1.0130        3.4000       -0.0030 
   1    H3        1.0130       -3.4000       -0.0020 
   1    H4       -1.0130       -3.4000        0.0010 
   1    H5        3.3960        3.3740        0.0020 
   1    H6       -3.3960        3.3740       -0.0030 
   1    H7        3.3960       -3.3740       -0.0020 
   1    H8       -3.3960       -3.3740        0.0020 
   1    H9        6.6760       -0.0000        0.0020 
   1   H10       -6.6760        0.0000        0.0020 

