Run semi-empirical minimization
 &qmmm
    qm_theory='AM1', grms_tol=0.0005,
 scfconv=1.d-10, ndiis_attempts=700,   qmcharge=0,
 /
   6    C1        9.2230       18.4630       48.7860 
   6    C2        8.2390       18.4680       49.8050 
   6    C3       10.4670       17.7340       49.0170 
   6    C4        9.0530       19.1430       47.5720 
   6    C5        8.4340       17.8090       51.0050 
   1    H6        7.4240       18.9360       49.6600 
   6    C7       10.6380       17.0570       50.2420 
   6    C8       11.4430       17.7290       48.0140 
   6    C9       10.0280       19.1380       46.5690 
   1   H10        8.2390       19.6160       47.4420 
   6   C11        7.4500       17.8260       52.0420 
   6   C12        9.6650       17.0840       51.2310 
   1   H13       11.4390       16.5700       50.3940 
   1   H14       12.2570       17.2560       48.1450 
   6   C15       11.2720       18.4090       46.8010 
   6   C16        9.8580       19.8150       45.3440 
   6   C17        7.6610       17.1820       53.2150 
   1   H18        6.6350       18.2940       51.9060 
   6   C19        9.8370       16.4240       52.4850 
   6   C20       12.2570       18.4040       45.7820 
   6   C21       10.8300       19.7880       44.3550 
   1   H22        9.0570       20.3020       45.1930 
   6   C23        8.8790       16.4680       53.4440 
   1   H24        6.9950       17.2050       53.8910 
   1   H25       10.6390       15.9430       52.6510 
   1   H26       13.0710       17.9360       45.9260 
   6   C27       12.0610       19.0630       44.5810 
   6   C28       10.6590       20.4470       43.1010 
   1   H29        9.0180       16.0220       54.2720 
   6   C30       13.0450       19.0460       43.5440 
   6   C31       11.6160       20.4040       42.1420 
   1   H32        9.8560       20.9280       42.9350 
   6   C33       12.8340       19.6900       42.3710 
   1   H34       13.8600       18.5770       43.6800 
   1   H35       11.4780       20.8490       41.3140 
   1   H36       13.5010       19.6670       41.6950 

