Run semi-empirical minimization
 &qmmm
    qm_theory='AM1', grms_tol=0.0005,
 scfconv=1.d-10, ndiis_attempts=700,   qmcharge=1,
 /
   6    C1        8.5590        0.8550       -0.1840 
   6    C2        7.1880        0.6150       -0.1210 
   6    C3        6.6640       -0.6780       -0.0240 
   6    C4        7.5110       -1.7650        0.0090 
   6    C5        8.9010       -1.5520       -0.0530 
   6    C6        9.4080       -0.2480       -0.1480 
   6    C7        5.1480       -0.6050        0.0290 
   6    C8        4.9230        0.9130       -0.0510 
   7    N1        6.1300        1.5350       -0.1370 
   6    C9        3.7330        1.6340       -0.0400 
   6   C10        2.4530        1.0770        0.0480 
   6   C11        1.2520        1.7920        0.0720 
   6   C12       -0.0000        1.1440        0.1150 
   6   C13       -1.2520        1.7930        0.0720 
   6   C14       -1.2560        3.3110        0.0190 
   6   C15        0.0000        3.9150        0.6410 
   6   C16        1.2560        3.3110        0.0190 
   6   C17       -2.4530        1.0770        0.0480 
   6   C18       -3.7330        1.6340       -0.0400 
   6   C19       -4.9230        0.9130       -0.0510 
   7    N2       -6.1300        1.5350       -0.1370 
   6   C20       -7.1880        0.6150       -0.1210 
   6   C21       -6.6640       -0.6780       -0.0240 
   6   C22       -5.1480       -0.6050        0.0300 
   6   C23       -8.5590        0.8550       -0.1840 
   6   C24       -9.4080       -0.2480       -0.1480 
   6   C25       -8.9010       -1.5520       -0.0530 
   6   C26       -7.5110       -1.7650        0.0090 
   1    H1      -10.4770       -0.0930       -0.1950 
   6   C27       -6.3030        2.9830       -0.2310 
   6   C28       -4.5340       -1.3440       -1.1840 
  17   Cl1       -0.0000       -0.6320        0.2080 
   6   C29        6.3030        2.9830       -0.2310 
   6   C30        4.6310       -1.1920        1.3660 
   1    H2       10.4770       -0.0930       -0.1950 
   1    H3       -3.4450       -1.2920       -1.1800 
   1    H4       -4.8970       -0.9230       -2.1240 
   1    H5       -4.8210       -2.3970       -1.1470 
   1    H6       -8.9700        1.8530       -0.2570 
   6   C31       -9.7910       -2.7350       -0.0150 
   1    H7       -7.1360       -2.7790        0.0820 
   1    H8       -7.3610        3.2150       -0.3030 
   1    H9       -5.7990        3.3650       -1.1200 
   1   H10       -5.8960        3.4700        0.6570 
   1   H11       -3.8200        2.7100       -0.1070 
   1   H12       -2.3730        0.0020        0.0920 
   1   H13        0.0000        3.7250        1.7200 
   1   H14        1.3460        3.6350       -1.0260 
   1   H15       -1.3460        3.6350       -1.0260 
   1   H16        0.0000        4.9990        0.5050 
   1   H17        2.1370        3.6910        0.5390 
   1   H18       -2.1370        3.6910        0.5390 
   1   H19        2.3730        0.0020        0.0920 
   1   H20        3.8200        2.7100       -0.1070 
   1   H21        3.5440       -1.1440        1.4350 
   1   H22        5.0550       -0.6570        2.2180 
   1   H23        4.9270       -2.2410        1.4380 
   1   H24        7.1360       -2.7790        0.0820 
   1   H25        8.9700        1.8530       -0.2570 
   6   C32        9.7910       -2.7350       -0.0150 
   1   H26        7.3610        3.2150       -0.3030 
   1   H27        5.7990        3.3650       -1.1200 
   1   H28        5.8960        3.4700        0.6570 
   6   C33       -4.6320       -1.1920        1.3660 
   1   H29       -3.5450       -1.1430        1.4350 
   1   H30       -5.0560       -0.6570        2.2190 
   1   H31       -4.9280       -2.2410        1.4380 
   8    O1      -11.1040       -2.4190       -0.0760 
   8    O2       -9.4100       -3.8860        0.0630 
   1   H32      -11.6100       -3.2460       -0.0460 
   6   C34        4.5340       -1.3440       -1.1840 
   1   H33        4.8210       -2.3970       -1.1480 
   1   H34        3.4450       -1.2920       -1.1810 
   1   H35        4.8970       -0.9230       -2.1240 
   8    O3       11.1040       -2.4190       -0.0760 
   8    O4        9.4100       -3.8860        0.0640 
   1   H36       11.6100       -3.2460       -0.0450 

