           8
 F F F F T          72           2   203.00000000000000       0.99999999999999478     
   1.1813393092970719        2.7990634601471447        0.0000000000000000        0.0000000000000000     
   1.2463481531071567        2.8060941860088500        0.0000000000000000        0.0000000000000000     
   1.1821240383738911        2.7888926455862308        0.0000000000000000        0.0000000000000000     
   1.2385825042894516        2.7951051144306858        0.0000000000000000        0.0000000000000000     
   1.1777426573011089        2.7739146057969291        0.0000000000000000        0.0000000000000000     
  0.87872154106647793     
   1.2596125886689498        2.8116538333445118        0.0000000000000000        0.0000000000000000     
   1.2490912450074967        2.8011553530960325        0.0000000000000000        0.0000000000000000     
   1.1868515701136961        2.7947215778801247        0.0000000000000000        0.0000000000000000     
  0.87564709485471759     
   1.2170677523100668        2.8356176645017137        0.0000000000000000        0.0000000000000000     
   1.1979948312990698        2.7612997145405691        0.0000000000000000        0.0000000000000000     
  0.88395218940479814     
  0.88288299395742131     
   1.1898665770570322        2.7931565806887630        0.0000000000000000        0.0000000000000000     
   1.2547057625980245        2.8038586112958050        0.0000000000000000        0.0000000000000000     
   1.2328423360807310        2.8271349780965149        0.0000000000000000        0.0000000000000000     
  0.88069168163607459     
   1.2361279092181490        2.8442364482844829        0.0000000000000000        0.0000000000000000     
   1.2520985793482633        2.8130266934431400        0.0000000000000000        0.0000000000000000     
   1.1898849345529110        2.7677007012456825        0.0000000000000000        0.0000000000000000     
  0.87571600519540871     
   1.2427295025413689        2.8243336212421046        0.0000000000000000        0.0000000000000000     
  0.89934000703203798     
  0.88882316285686425     
  0.88945693357853950     
   1.1832704390713329        2.7677566118133372        0.0000000000000000        0.0000000000000000     
   1.2410932350689210        2.8366680692505932        0.0000000000000000        0.0000000000000000     
  0.89350728010578062     
   1.2372403697144603        2.8423363786396800        0.0000000000000000        0.0000000000000000     
   1.2226751915501004        2.8279192180781356        0.0000000000000000        0.0000000000000000     
  0.88789413988913068     
   1.2255421674549085        2.8230853359456596        0.0000000000000000        0.0000000000000000     
  0.88497054567246503     
  0.89993345507252964     
  0.89499444317942767     
   1.1753178765159917        2.7845881921625057        0.0000000000000000        0.0000000000000000     
   1.2372543759066770        2.8831553268917580        0.0000000000000000        0.0000000000000000     
   1.1759810995209332        2.7831004533428008        0.0000000000000000        0.0000000000000000     
   1.2593981019276543        2.8839477406503864        0.0000000000000000        0.0000000000000000     
   1.1897616616604034        2.7867628897858947        0.0000000000000000        0.0000000000000000     
  0.88546509871333923     
   1.2334818522458404        2.9182141995717270        0.0000000000000000        0.0000000000000000     
   1.2567559073025918        2.9209032994578958        0.0000000000000000        0.0000000000000000     
   1.1773435530260681        2.7856617966040638        0.0000000000000000        0.0000000000000000     
  0.88216407755532344     
   1.2322204014416658        2.8461313039391491        0.0000000000000000        0.0000000000000000     
   1.1769130792197706        2.7876499650919726        0.0000000000000000        0.0000000000000000     
  0.90363470787058242     
  0.88399343223885474     
   1.1701518591779840        2.7820655799180534        0.0000000000000000        0.0000000000000000     
   1.2474663960634667        2.8967778439540055        0.0000000000000000        0.0000000000000000     
   1.2180050396704187        2.8751963635849034        0.0000000000000000        0.0000000000000000     
  0.88805032824601993     
   1.2187242041334629        2.8920806717709704        0.0000000000000000        0.0000000000000000     
   1.2373177882902875        2.9187941685948733        0.0000000000000000        0.0000000000000000     
   1.1777820000629546        2.7825026839952409        0.0000000000000000        0.0000000000000000     
  0.88794110084529121     
   1.2249320140525084        2.8694977614452926        0.0000000000000000        0.0000000000000000     
  0.90936786362076050     
  0.93233636983002022     
  0.88420188005572098     
   1.1788615504801658        2.7805388361462593        0.0000000000000000        0.0000000000000000     
   1.2268625235079060        2.8799498600925748        0.0000000000000000        0.0000000000000000     
  0.91738604928833922     
   1.2749832596697086        2.8674217901684598        0.0000000000000000        0.0000000000000000     
   1.2135663201175793        2.8671776391572843        0.0000000000000000        0.0000000000000000     
  0.90843833071445745     
   1.2414178376466349        2.8713001719997369        0.0000000000000000        0.0000000000000000     
  0.87986600712904972     
  0.91624665836619290     
  0.91289632467704629     
  -3.7468788887731197E-003  -1.3868340335917217E-002   0.0000000000000000        0.0000000000000000     
   5.6908121127736688E-003  0.11970696947524617        0.0000000000000000        0.0000000000000000     
  -4.5978461955864525E-003  -1.7891134206763581E-002   0.0000000000000000        0.0000000000000000     
   6.6245797281090368E-003  0.13315893783727439        0.0000000000000000        0.0000000000000000     
  -1.9042194807039614E-003   5.5584747177106486E-003   0.0000000000000000        0.0000000000000000     
  -6.7694299993339424E-003
   6.8476031719961750E-003  0.14013075064111513        0.0000000000000000        0.0000000000000000     
   8.0347063102517158E-003  0.16065106081269187        0.0000000000000000        0.0000000000000000     
  -3.7649179756613638E-003  -1.3842592675177734E-002   0.0000000000000000        0.0000000000000000     
  -7.5282872586439620E-003
   1.2159973505079247E-003   3.6613065727416405E-002   0.0000000000000000        0.0000000000000000     
  -2.4405136276659523E-003   3.4378443512901313E-003   0.0000000000000000        0.0000000000000000     
  -8.2431694620027640E-003
  -9.2550549993517528E-003
  -4.5388657908151941E-003  -1.7636421861292551E-002   0.0000000000000000        0.0000000000000000     
   5.7907174035098929E-003  0.11976592818100640        0.0000000000000000        0.0000000000000000     
   6.1880934714131364E-004   3.1382301032530258E-002   0.0000000000000000        0.0000000000000000     
  -2.0487454055132526E-003
   1.6168063598522853E-003   4.2758361451249449E-002   0.0000000000000000        0.0000000000000000     
   6.4186525814911022E-003  0.13095596254297570        0.0000000000000000        0.0000000000000000     
  -1.9395986298293977E-003   6.0252239863443080E-003   0.0000000000000000        0.0000000000000000     
  -6.8318814877618150E-003
   2.1905725758220029E-004   2.6170331004551350E-002   0.0000000000000000        0.0000000000000000     
  -1.7930906852160478E-003
  -2.4862787008750331E-003
  -7.6982181975122632E-003
  -2.4326213851344480E-003   1.5812070527956301E-003   0.0000000000000000        0.0000000000000000     
   1.6188958827272337E-003   4.3088096353288474E-002   0.0000000000000000        0.0000000000000000     
  -1.4646176776599296E-003
   1.8151286722576376E-003   4.6205226520036558E-002   0.0000000000000000        0.0000000000000000     
   3.3116270177524498E-004   2.6763504866637255E-002   0.0000000000000000        0.0000000000000000     
  -2.4696239261796649E-003
   1.6508254141434087E-004   2.4631316717564022E-002   0.0000000000000000        0.0000000000000000     
  -2.6318733424324225E-003
  -1.4874916470335453E-003
  -1.3271694604078954E-003
  -3.3827109362727370E-005  -1.5289948011698584E-004   0.0000000000000000        0.0000000000000000     
   3.9112258710449765E-005   7.5414463621914507E-004   0.0000000000000000        0.0000000000000000     
   1.5614042421230323E-006   6.2206391173269537E-005   0.0000000000000000        0.0000000000000000     
   6.2971824833946144E-005   1.2447077946640128E-003   0.0000000000000000        0.0000000000000000     
  -2.3927477191820756E-005  -1.0094195583665311E-004   0.0000000000000000        0.0000000000000000     
  -4.3250198864752676E-005
  -3.0732961011636917E-006   3.1954575433257304E-005   0.0000000000000000        0.0000000000000000     
   8.5873309314532520E-006   1.9821526611130125E-004   0.0000000000000000        0.0000000000000000     
  -3.2355803279759954E-005  -1.1260475933161374E-004   0.0000000000000000        0.0000000000000000     
  -7.2692774836347063E-005
   2.0369291590993654E-005   3.8908562442330208E-004   0.0000000000000000        0.0000000000000000     
   1.3105930631862606E-005   2.7145087835434012E-004   0.0000000000000000        0.0000000000000000     
  -1.1772216594874152E-006
  -1.1258821737580860E-005
  -3.4142103120249345E-006  -2.0015968238418225E-006   0.0000000000000000        0.0000000000000000     
   4.1303692220218124E-005   8.6189802247282898E-004   0.0000000000000000        0.0000000000000000     
  -1.6033430152440076E-005  -6.3149822604469108E-005   0.0000000000000000        0.0000000000000000     
  -2.2679698130190218E-005
  -1.4427720253840093E-005  -6.4752018224201180E-005   0.0000000000000000        0.0000000000000000     
   7.2275230049712036E-006   1.7780392620148078E-004   0.0000000000000000        0.0000000000000000     
  -1.5550262771890644E-005   4.7747380713225596E-005   0.0000000000000000        0.0000000000000000     
  -4.9255557997396338E-005
   2.8111690527188316E-005   5.4887280208326672E-004   0.0000000000000000        0.0000000000000000     
   5.1440332820007484E-006
   5.3094056466918005E-006
  -9.7270617164246787E-006
  -5.6701649731039083E-007   1.1629681493241506E-004   0.0000000000000000        0.0000000000000000     
   1.2608601887675874E-005   3.3420957179064459E-004   0.0000000000000000        0.0000000000000000     
  -3.1090756050677903E-005
   2.7980642545166745E-006   1.8409776277383827E-004   0.0000000000000000        0.0000000000000000     
  -9.3271660750460228E-007   1.7769341592899224E-004   0.0000000000000000        0.0000000000000000     
  -1.8790551590819327E-005
   1.0193868901886560E-005   3.2535515479859001E-004   0.0000000000000000        0.0000000000000000     
  -1.0186348327723138E-005
  -9.1538435647020577E-006
  -1.8114818669423549E-005
 0 0
